Time (sec)  Motor[1] Act Position  Motor[6] Act Position
0.00000000000000000 256000.00000000000000000 760781.00000000000000000
0.00442673749446658 256000.00000000000000000 760781.00000000000000000
0.00885347498893316 256000.00000000000000000 760781.00000000000000000
0.01328021248339970 256000.00000000000000000 760781.00000000000000000
0.01770694997786630 256000.00000000000000000 760781.00000000000000000
0.02213368747233290 256000.00000000000000000 760781.00000000000000000
0.02656042496679950 256000.00000000000000000 760781.00000000000000000
0.03098716246126610 256000.00000000000000000 760781.00000000000000000
0.03541389995573260 256000.00000000000000000 760781.00000000000000000
0.03984063745019920 256000.00000000000000000 760781.00000000000000000
0.04426737494466580 256000.00000000000000000 760781.00000000000000000
0.04869411243913240 256000.00000000000000000 760781.00000000000000000
0.05312084993359900 256000.00000000000000000 760781.00000000000000000
0.05754758742806550 256000.00000000000000000 760781.00000000000000000
0.06197432492253210 256000.00000000000000000 760781.00000000000000000
0.06640106241699870 256000.00000000000000000 760781.00000000000000000
0.07082779991146530 256000.00000000000000000 760781.00000000000000000
0.07525453740593190 256000.00000000000000000 760781.00000000000000000
0.07968127490039840 256000.00000000000000000 760781.00000000000000000
0.08410801239486500 256000.00000000000000000 760781.00000000000000000
0.08853474988933160 256000.00000000000000000 760781.00000000000000000
0.09296148738379820 256000.00000000000000000 760781.00000000000000000
0.09738822487826480 256000.00000000000000000 760781.00000000000000000
0.10181496237273100 256000.00000000000000000 760781.00000000000000000
0.10624169986719800 256000.00000000000000000 760781.00000000000000000
0.11066843736166400 256000.00000000000000000 760781.00000000000000000
0.11509517485613100 256000.00000000000000000 760781.00000000000000000
0.11952191235059800 256000.00000000000000000 760781.00000000000000000
0.12394864984506400 256000.00000000000000000 760781.00000000000000000
0.12837538733953100 256000.00000000000000000 760781.00000000000000000
0.13280212483399700 256000.00000000000000000 760781.00000000000000000
0.13722886232846400 256000.00000000000000000 760781.00000000000000000
0.14165559982293100 256000.00000000000000000 760781.00000000000000000
0.14608233731739700 256000.00000000000000000 760781.00000000000000000
0.15050907481186400 256000.00000000000000000 760781.00000000000000000
0.15493581230633000 256000.00000000000000000 760781.00000000000000000
0.15936254980079700 256000.00000000000000000 760781.00000000000000000
0.16378928729526300 256000.00000000000000000 760781.00000000000000000
0.16821602478973000 256000.00000000000000000 760781.00000000000000000
0.17264276228419700 256000.00000000000000000 760781.00000000000000000
0.17706949977866300 256000.00000000000000000 760781.00000000000000000
0.18149623727313000 256000.00000000000000000 760781.00000000000000000
0.18592297476759600 256000.00000000000000000 760781.00000000000000000
0.19034971226206300 256000.00000000000000000 760781.00000000000000000
0.19477644975653000 256000.00000000000000000 760781.00000000000000000
0.19920318725099600 256000.00000000000000000 760781.00000000000000000
0.20362992474546300 256000.00000000000000000 760781.00000000000000000
0.20805666223992900 256000.00000000000000000 760781.00000000000000000
0.21248339973439600 256000.00000000000000000 760781.00000000000000000
0.21691013722886200 256000.00000000000000000 760781.00000000000000000
0.22133687472332900 256000.00000000000000000 760781.00000000000000000
0.22576361221779600 256000.00000000000000000 760781.00000000000000000
0.23019034971226200 256000.00000000000000000 760781.00000000000000000
0.23461708720672900 256000.00000000000000000 760781.00000000000000000
0.23904382470119500 256000.00000000000000000 760781.00000000000000000
0.24347056219566200 256000.00000000000000000 760781.00000000000000000
0.24789729969012800 256000.00000000000000000 760781.00000000000000000
0.25232403718459500 256000.00000000000000000 760781.00000000000000000
0.25675077467906200 256000.00000000000000000 760781.00000000000000000
0.26117751217352800 256000.00000000000000000 760781.00000000000000000
0.26560424966799500 256000.00000000000000000 760781.00000000000000000
0.27003098716246100 256000.00000000000000000 760781.00000000000000000
0.27445772465692800 256000.00000000000000000 760781.00000000000000000
0.27888446215139500 256000.00000000000000000 760781.00000000000000000
0.28331119964586100 256000.00000000000000000 760781.00000000000000000
0.28773793714032800 256000.00000000000000000 760781.00000000000000000
0.29216467463479400 256000.00000000000000000 760781.00000000000000000
0.29659141212926100 256000.00000000000000000 760781.00000000000000000
0.30101814962372700 256000.00000000000000000 760781.00000000000000000
0.30544488711819400 256000.00000000000000000 760781.00000000000000000
0.30987162461266100 256000.00000000000000000 760781.00000000000000000
0.31429836210712700 256000.00000000000000000 760781.00000000000000000
0.31872509960159400 256000.00000000000000000 760781.00000000000000000
0.32315183709606000 256000.00000000000000000 760781.00000000000000000
0.32757857459052700 256000.00000000000000000 760781.00000000000000000
0.33200531208499400 256000.00000000000000000 760781.00000000000000000
0.33643204957946000 256000.00000000000000000 760781.00000000000000000
0.34085878707392700 256000.00000000000000000 760781.00000000000000000
0.34528552456839300 256000.00000000000000000 760781.00000000000000000
0.34971226206286000 256000.00000000000000000 760781.00000000000000000
0.35413899955732600 256000.00000000000000000 760781.00000000000000000
0.35856573705179300 256000.00000000000000000 760781.00000000000000000
0.36299247454626000 256000.00000000000000000 760781.00000000000000000
0.36741921204072600 256000.00000000000000000 760781.00000000000000000
0.37184594953519300 256000.00000000000000000 760781.00000000000000000
0.37627268702965900 256000.00000000000000000 760781.00000000000000000
0.38069942452412600 256000.00000000000000000 760781.00000000000000000
0.38512616201859200 256000.00000000000000000 760781.00000000000000000
0.38955289951305900 256000.00000000000000000 760781.00000000000000000
0.39397963700752600 256000.00000000000000000 760781.00000000000000000
0.39840637450199200 256000.00000000000000000 760781.00000000000000000
0.40283311199645900 256000.00000000000000000 760781.00000000000000000
0.40725984949092500 256000.00000000000000000 760781.00000000000000000
0.41168658698539200 256000.00000000000000000 760781.00000000000000000
0.41611332447985900 256000.00000000000000000 760781.00000000000000000
0.42054006197432500 256000.00000000000000000 760781.00000000000000000
0.42496679946879200 256000.00000000000000000 760781.00000000000000000
0.42939353696325800 256000.00000000000000000 760781.00000000000000000
0.43382027445772500 256000.00000000000000000 760781.00000000000000000
0.43824701195219100 256000.00000000000000000 760781.00000000000000000
0.44267374944665800 256000.00000000000000000 760781.00000000000000000
0.44710048694112500 256000.00000000000000000 760781.00000000000000000
0.45152722443559100 256000.00000000000000000 760781.00000000000000000
0.45595396193005800 256000.00000000000000000 760781.00000000000000000
0.46038069942452400 256000.00000000000000000 760781.00000000000000000
0.46480743691899100 256000.00000000000000000 760781.00000000000000000
0.46923417441345700 256000.00000000000000000 760781.00000000000000000
0.47366091190792400 256000.00000000000000000 760781.00000000000000000
0.47808764940239100 256000.00000000000000000 760781.00000000000000000
0.48251438689685700 256000.00000000000000000 760781.00000000000000000
0.48694112439132400 256000.00000000000000000 760781.00000000000000000
0.49136786188579000 256000.00000000000000000 760781.00000000000000000
0.49579459938025700 256000.00000000000000000 760781.00000000000000000
0.50022133687472400 256000.00000000000000000 760781.00000000000000000
0.50464807436919000 256000.00000000000000000 760781.00000000000000000
0.50907481186365700 256000.00000000000000000 760781.00000000000000000
0.51350154935812300 256000.00000000000000000 760781.00000000000000000
0.51792828685259000 256000.00000000000000000 760781.00000000000000000
0.52235502434705600 256000.00000000000000000 760781.00000000000000000
0.52678176184152300 256000.00000000000000000 760781.00000000000000000
0.53120849933599000 256000.00000000000000000 760781.00000000000000000
0.53563523683045600 256000.00000000000000000 760781.00000000000000000
0.54006197432492300 256000.00000000000000000 760781.00000000000000000
0.54448871181938900 256000.00000000000000000 760781.00000000000000000
0.54891544931385600 256000.00000000000000000 760781.00000000000000000
0.55334218680832200 256000.00000000000000000 760781.00000000000000000
0.55776892430278900 256000.00000000000000000 760781.00000000000000000
0.56219566179725600 256000.00000000000000000 760781.00000000000000000
0.56662239929172200 256000.00000000000000000 760781.00000000000000000
0.57104913678618900 256000.00000000000000000 760781.00000000000000000
0.57547587428065500 256000.00000000000000000 760781.00000000000000000
0.57990261177512200 256000.00000000000000000 760781.00000000000000000
0.58432934926958900 256000.00000000000000000 760781.00000000000000000
0.58875608676405500 256000.00000000000000000 760781.00000000000000000
0.59318282425852200 256000.00000000000000000 760781.00000000000000000
0.59760956175298800 256000.00000000000000000 760781.00000000000000000
0.60203629924745500 256000.00000000000000000 760781.00000000000000000
0.60646303674192100 256000.00000000000000000 760781.00000000000000000
0.61088977423638800 256000.00000000000000000 760781.00000000000000000
0.61531651173085500 256000.00000000000000000 760781.00000000000000000
0.61974324922532100 256000.00000000000000000 760781.00000000000000000
0.62416998671978800 256000.00000000000000000 760781.00000000000000000
0.62859672421425400 256000.00000000000000000 760781.00000000000000000
0.63302346170872100 256000.00000000000000000 760781.00000000000000000
0.63745019920318700 256000.00000000000000000 760781.00000000000000000
0.64187693669765400 256000.00000000000000000 760781.00000000000000000
0.64630367419212100 256000.00000000000000000 760781.00000000000000000
0.65073041168658700 256000.00000000000000000 760781.00000000000000000
0.65515714918105400 256000.00000000000000000 760781.00000000000000000
0.65958388667552000 256000.00000000000000000 760781.00000000000000000
0.66401062416998700 256000.00000000000000000 760781.00000000000000000
0.66843736166445400 256000.00000000000000000 760781.00000000000000000
0.67286409915892000 256000.00000000000000000 760781.00000000000000000
0.67729083665338700 256000.00000000000000000 760781.00000000000000000
0.68171757414785300 256000.00000000000000000 760781.00000000000000000
0.68614431164232000 256000.00000000000000000 760781.00000000000000000
0.69057104913678600 256000.00000000000000000 760781.00000000000000000
0.69499778663125300 256000.00000000000000000 760781.00000000000000000
0.69942452412572000 256000.00000000000000000 760781.00000000000000000
0.70385126162018600 256000.00000000000000000 760781.00000000000000000
0.70827799911465300 256000.00000000000000000 760781.00000000000000000
0.71270473660911900 256000.00000000000000000 760781.00000000000000000
0.71713147410358600 256000.00000000000000000 760781.00000000000000000
0.72155821159805300 256000.00000000000000000 760781.00000000000000000
0.72598494909251900 256000.00000000000000000 760781.00000000000000000
0.73041168658698600 256000.00000000000000000 760781.00000000000000000
0.73483842408145200 256000.00000000000000000 760781.00000000000000000
0.73926516157591900 256000.00000000000000000 760781.00000000000000000
0.74369189907038500 256000.00000000000000000 760781.00000000000000000
0.74811863656485200 256000.00000000000000000 760781.00000000000000000
0.75254537405931900 256000.00000000000000000 760781.00000000000000000
0.75697211155378500 256000.00000000000000000 760781.00000000000000000
0.76139884904825200 256000.00000000000000000 760781.00000000000000000
0.76582558654271800 256000.00000000000000000 760781.00000000000000000
0.77025232403718500 256000.00000000000000000 760781.00000000000000000
0.77467906153165100 256000.00000000000000000 760781.00000000000000000
0.77910579902611800 256000.00000000000000000 760781.00000000000000000
0.78353253652058500 256000.00000000000000000 760781.00000000000000000
0.78795927401505100 256000.00000000000000000 760781.00000000000000000
0.79238601150951800 256000.00000000000000000 760781.00000000000000000
0.79681274900398400 256000.00000000000000000 760781.00000000000000000
0.80123948649845100 256000.00000000000000000 760781.00000000000000000
0.80566622399291800 256000.00000000000000000 760781.00000000000000000
0.81009296148738400 256000.00000000000000000 760781.00000000000000000
0.81451969898185100 256000.00000000000000000 760781.00000000000000000
0.81894643647631700 256000.00000000000000000 760781.00000000000000000
0.82337317397078400 256000.00000000000000000 760781.00000000000000000
0.82779991146525000 256000.00000000000000000 760781.00000000000000000
0.83222664895971700 256000.00000000000000000 760781.00000000000000000
0.83665338645418400 256000.00000000000000000 760781.00000000000000000
0.84108012394865000 256000.00000000000000000 760781.00000000000000000
0.84550686144311700 256000.00000000000000000 760781.00000000000000000
0.84993359893758300 256000.00000000000000000 760781.00000000000000000
0.85436033643205000 256000.00000000000000000 760781.00000000000000000
0.85878707392651600 256000.00000000000000000 760781.00000000000000000
0.86321381142098300 256000.00000000000000000 760781.00000000000000000
0.86764054891545000 256000.00000000000000000 760781.00000000000000000
0.87206728640991600 256000.00000000000000000 760781.00000000000000000
0.87649402390438300 256000.00000000000000000 760781.00000000000000000
0.88092076139884900 256000.00000000000000000 760781.00000000000000000
0.88534749889331600 256000.00000000000000000 760781.00000000000000000
0.88977423638778300 256000.00000000000000000 760781.00000000000000000
0.89420097388224900 256000.00000000000000000 760781.00000000000000000
0.89862771137671600 256000.00000000000000000 760781.00000000000000000
0.90305444887118200 256000.00000000000000000 760781.00000000000000000
0.90748118636564900 256000.00000000000000000 760781.00000000000000000
0.91190792386011600 256000.00000000000000000 760781.00000000000000000
0.91633466135458200 256000.00000000000000000 760781.00000000000000000
0.92076139884904900 256000.00000000000000000 760781.00000000000000000
0.92518813634351500 256000.00000000000000000 760781.00000000000000000
0.92961487383798200 256000.00000000000000000 760781.00000000000000000
0.93404161133244800 256000.00000000000000000 760781.00000000000000000
0.93846834882691500 256000.00000000000000000 760781.00000000000000000
0.94289508632138200 256000.00000000000000000 760781.00000000000000000
0.94732182381584800 256000.00000000000000000 760781.00000000000000000
0.95174856131031500 256000.00000000000000000 760781.00000000000000000
0.95617529880478100 256000.00000000000000000 760781.00000000000000000
0.96060203629924800 256000.00000000000000000 760781.00000000000000000
0.96502877379371500 256000.00000000000000000 760781.00000000000000000
0.96945551128818100 256000.00000000000000000 760781.00000000000000000
0.97388224878264800 256000.00000000000000000 760781.00000000000000000
0.97830898627711400 256000.00000000000000000 760781.00000000000000000
0.98273572377158100 256000.00000000000000000 760781.00000000000000000
0.98716246126604700 256000.00000000000000000 760781.00000000000000000
0.99158919876051400 256000.00000000000000000 760781.00000000000000000
0.99601593625498100 256000.00000000000000000 760781.00000000000000000
1.00044267374945000 256000.00000000000000000 760781.00000000000000000
1.00486941124391000 256000.00000000000000000 760781.00000000000000000
1.00929614873838000 256000.00000000000000000 760781.00000000000000000
1.01372288623285000 256000.00000000000000000 760781.00000000000000000
1.01814962372731000 256000.00000000000000000 760781.00000000000000000
1.02257636122178000 256000.00000000000000000 760781.00000000000000000
1.02700309871625000 256000.00000000000000000 760781.00000000000000000
1.03142983621071000 256000.00000000000000000 760781.00000000000000000
1.03585657370518000 256000.00000000000000000 760781.00000000000000000
1.04028331119965000 256000.00000000000000000 760781.00000000000000000
1.04471004869411000 256000.00000000000000000 760781.00000000000000000
1.04913678618858000 256000.00000000000000000 760781.00000000000000000
1.05356352368305000 256000.00000000000000000 760781.00000000000000000
1.05799026117751000 256000.00000000000000000 760781.00000000000000000
1.06241699867198000 256000.00000000000000000 760781.00000000000000000
1.06684373616645000 256000.00000000000000000 760781.00000000000000000
1.07127047366091000 256000.00000000000000000 760781.00000000000000000
1.07569721115538000 256000.00000000000000000 760781.00000000000000000
1.08012394864985000 256000.00000000000000000 760781.00000000000000000
1.08455068614431000 256000.00000000000000000 760781.00000000000000000
1.08897742363878000 256000.00000000000000000 760781.00000000000000000
1.09340416113325000 256000.00000000000000000 760781.00000000000000000
1.09783089862771000 256000.00000000000000000 760781.00000000000000000
1.10225763612218000 256000.00000000000000000 760781.00000000000000000
1.10668437361664000 256000.00000000000000000 760781.00000000000000000
1.11111111111111000 256000.00000000000000000 760781.00000000000000000
1.11553784860558000 256000.00000000000000000 760781.00000000000000000
1.11996458610004000 256000.00000000000000000 760781.00000000000000000
1.12439132359451000 256000.00000000000000000 760781.00000000000000000
1.12881806108898000 256000.00000000000000000 760781.00000000000000000
1.13324479858344000 256000.00000000000000000 760781.00000000000000000
1.13767153607791000 256000.00000000000000000 760781.00000000000000000
1.14209827357238000 256000.00000000000000000 760781.00000000000000000
1.14652501106684000 256000.00000000000000000 760781.00000000000000000
1.15095174856131000 256000.00000000000000000 760781.00000000000000000
1.15537848605578000 256000.00000000000000000 760781.00000000000000000
1.15980522355024000 256000.00000000000000000 760781.00000000000000000
1.16423196104471000 256000.00000000000000000 760781.00000000000000000
1.16865869853918000 256000.00000000000000000 760781.00000000000000000
1.17308543603364000 256000.00000000000000000 760781.00000000000000000
1.17751217352811000 256000.00000000000000000 760781.00000000000000000
1.18193891102258000 256000.00000000000000000 760781.00000000000000000
1.18636564851704000 256000.00000000000000000 760781.00000000000000000
1.19079238601151000 256000.00000000000000000 760781.00000000000000000
1.19521912350598000 256000.00000000000000000 760781.00000000000000000
1.19964586100044000 256000.00000000000000000 760781.00000000000000000
1.20407259849491000 256000.00000000000000000 760781.00000000000000000
1.20849933598938000 256000.00000000000000000 760781.00000000000000000
1.21292607348384000 256000.00000000000000000 760781.00000000000000000
1.21735281097831000 256000.00000000000000000 760781.00000000000000000
1.22177954847278000 256000.00000000000000000 760781.00000000000000000
1.22620628596724000 256000.00000000000000000 760781.00000000000000000
1.23063302346171000 256000.00000000000000000 760781.00000000000000000
1.23505976095618000 256000.00000000000000000 760781.00000000000000000
1.23948649845064000 256000.00000000000000000 760781.00000000000000000
1.24391323594511000 256000.00000000000000000 760781.00000000000000000
1.24833997343958000 256000.00000000000000000 760781.00000000000000000
1.25276671093404000 256000.00000000000000000 760781.00000000000000000
1.25719344842851000 256000.00000000000000000 760781.00000000000000000
1.26162018592298000 256000.00000000000000000 760781.00000000000000000
1.26604692341744000 256000.00000000000000000 760781.00000000000000000
1.27047366091191000 256000.00000000000000000 760781.00000000000000000
1.27490039840637000 256000.00000000000000000 760781.00000000000000000
1.27932713590084000 256000.00000000000000000 760781.00000000000000000
1.28375387339531000 256000.00000000000000000 760781.00000000000000000
1.28818061088977000 256000.00000000000000000 760781.00000000000000000
1.29260734838424000 256000.00000000000000000 760781.00000000000000000
1.29703408587871000 256000.00000000000000000 760781.00000000000000000
1.30146082337317000 256000.00000000000000000 760781.00000000000000000
1.30588756086764000 256000.00000000000000000 760781.00000000000000000
1.31031429836211000 256000.00000000000000000 760781.00000000000000000
1.31474103585657000 256000.00000000000000000 760781.00000000000000000
1.31916777335104000 256000.00000000000000000 760781.00000000000000000
1.32359451084551000 256000.00000000000000000 760781.00000000000000000
1.32802124833997000 256000.00000000000000000 760781.00000000000000000
1.33244798583444000 256000.00000000000000000 760781.00000000000000000
1.33687472332891000 256000.00000000000000000 760781.00000000000000000
1.34130146082337000 256000.00000000000000000 760781.00000000000000000
1.34572819831784000 256000.00000000000000000 760781.00000000000000000
1.35015493581231000 256000.00000000000000000 760781.00000000000000000
1.35458167330677000 256000.00000000000000000 760781.00000000000000000
1.35900841080124000 256000.00000000000000000 760781.00000000000000000
1.36343514829571000 256000.00000000000000000 760781.00000000000000000
1.36786188579017000 256000.00000000000000000 760781.00000000000000000
1.37228862328464000 256000.00000000000000000 760781.00000000000000000
1.37671536077911000 256000.00000000000000000 760781.00000000000000000
1.38114209827357000 256000.00000000000000000 760781.00000000000000000
1.38556883576804000 256000.00000000000000000 760781.00000000000000000
1.38999557326251000 256000.00000000000000000 760781.00000000000000000
1.39442231075697000 256000.00000000000000000 760781.00000000000000000
1.39884904825144000 256000.00000000000000000 760781.00000000000000000
1.40327578574591000 256000.00000000000000000 760781.00000000000000000
1.40770252324037000 256000.00000000000000000 760781.00000000000000000
1.41212926073484000 256000.00000000000000000 760781.00000000000000000
1.41655599822931000 256000.00000000000000000 760781.00000000000000000
1.42098273572377000 256000.00000000000000000 760781.00000000000000000
1.42540947321824000 256000.00000000000000000 760781.00000000000000000
1.42983621071271000 256000.00000000000000000 760781.00000000000000000
1.43426294820717000 256000.00000000000000000 760781.00000000000000000
1.43868968570164000 256000.00000000000000000 760781.00000000000000000
1.44311642319611000 256000.00000000000000000 760781.00000000000000000
1.44754316069057000 256000.00000000000000000 760781.00000000000000000
1.45196989818504000 256000.00000000000000000 760781.00000000000000000
1.45639663567950000 256000.00000000000000000 760781.00000000000000000
1.46082337317397000 256000.00000000000000000 760781.00000000000000000
1.46525011066844000 256000.00000000000000000 760781.00000000000000000
1.46967684816290000 256000.00000000000000000 760781.00000000000000000
1.47410358565737000 256000.00000000000000000 760781.00000000000000000
1.47853032315184000 256000.00000000000000000 760781.00000000000000000
1.48295706064630000 256000.00000000000000000 760781.00000000000000000
1.48738379814077000 256000.00000000000000000 760781.00000000000000000
1.49181053563524000 256000.00000000000000000 760781.00000000000000000
1.49623727312970000 256000.00000000000000000 760781.00000000000000000
1.50066401062417000 256000.00000000000000000 760781.00000000000000000
1.50509074811864000 256000.00000000000000000 760781.00000000000000000
1.50951748561310000 256000.00000000000000000 760781.00000000000000000
1.51394422310757000 256000.00000000000000000 760781.00000000000000000
1.51837096060204000 256000.00000000000000000 760781.00000000000000000
1.52279769809650000 256000.00000000000000000 760781.00000000000000000
1.52722443559097000 256000.00000000000000000 760781.00000000000000000
1.53165117308544000 256000.00000000000000000 760781.00000000000000000
1.53607791057990000 256000.00000000000000000 760781.00000000000000000
1.54050464807437000 256000.00000000000000000 760781.00000000000000000
1.54493138556884000 256000.00000000000000000 760781.00000000000000000
1.54935812306330000 256000.00000000000000000 760781.00000000000000000
1.55378486055777000 256000.00000000000000000 760781.00000000000000000
1.55821159805224000 256000.00000000000000000 760781.00000000000000000
1.56263833554670000 256000.00000000000000000 760781.00000000000000000
1.56706507304117000 256000.00000000000000000 760781.00000000000000000
1.57149181053564000 256000.00000000000000000 760781.00000000000000000
1.57591854803010000 256000.00000000000000000 760781.00000000000000000
1.58034528552457000 256000.00000000000000000 760781.00000000000000000
1.58477202301904000 256000.00000000000000000 760781.00000000000000000
1.58919876051350000 256000.00000000000000000 760781.00000000000000000
1.59362549800797000 256000.00000000000000000 760781.00000000000000000
1.59805223550244000 256000.00000000000000000 760781.00000000000000000
1.60247897299690000 256000.00000000000000000 760781.00000000000000000
1.60690571049137000 256000.00000000000000000 760757.34765625000000000
1.61133244798584000 255910.48046875000000000 760472.16796875000000000
1.61575918548030000 255665.24609375000000000 759748.87109375000000000
1.62018592297477000 255345.15234375000000000 758799.48046875000000000
1.62461266046923000 255038.27734375000000000 757889.87109375000000000
1.62903939796370000 254729.80859375000000000 756983.71484375000000000
1.63346613545817000 254429.43359375000000000 756089.80859375000000000
1.63789287295263000 254120.15234375000000000 755174.96484375000000000
1.64231961044710000 253812.93359375000000000 754253.87109375000000000
1.64674634794157000 253502.87109375000000000 753338.46484375000000000
1.65117308543603000 253191.83984375000000000 752413.21484375000000000
1.65559982293050000 252880.55859375000000000 751490.87109375000000000
1.66002656042497000 252570.27734375000000000 750554.41796875000000000
1.66445329791943000 252258.12109375000000000 749626.24609375000000000
1.66888003541390000 251947.21484375000000000 748706.27734375000000000
1.67330677290837000 251637.93359375000000000 747783.43359375000000000
1.67773351040283000 251328.08984375000000000 746864.04296875000000000
1.68216024789730000 251019.43359375000000000 745941.33984375000000000
1.68658698539177000 250709.99609375000000000 745025.76171875000000000
1.69101372288623000 250400.12109375000000000 744108.37109375000000000
1.69544046038070000 250091.43359375000000000 743190.32421875000000000
1.69986719787517000 249782.18359375000000000 742267.93359375000000000
1.70429393536963000 249470.43359375000000000 741353.19921875000000000
1.70872067286410000 249162.99609375000000000 740448.77734375000000000
1.71314741035857000 248854.80859375000000000 739527.37109375000000000
1.71757414785303000 248544.83984375000000000 738605.21484375000000000
1.72200088534750000 248233.18359375000000000 737673.94921875000000000
1.72642762284197000 247920.96484375000000000 736747.30859375000000000
1.73085436033643000 247609.90234375000000000 735822.49609375000000000
1.73528109783090000 247298.87109375000000000 734889.46484375000000000
1.73970783532537000 246989.62109375000000000 733972.05859375000000000
1.74413457281983000 246680.37109375000000000 733050.08984375000000000
1.74856131031430000 246370.83984375000000000 732132.62109375000000000
1.75298804780877000 246059.08984375000000000 731204.74609375000000000
1.75741478530323000 245750.43359375000000000 730287.74609375000000000
1.76184152279770000 245441.77734375000000000 729366.87109375000000000
1.76626826029217000 245131.99609375000000000 728453.96484375000000000
1.77069499778663000 244821.58984375000000000 727531.80859375000000000
1.77512173528110000 244513.46484375000000000 726619.23046875000000000
1.77954847277557000 244205.87109375000000000 725702.58984375000000000
1.78397521027003000 243892.96484375000000000 724783.10546875000000000
1.78840194776450000 243583.58984375000000000 723864.46484375000000000
1.79282868525896000 243273.02734375000000000 722943.93359375000000000
1.79725542275343000 242964.02734375000000000 722018.49609375000000000
1.80168216024790000 242651.37109375000000000 721093.33984375000000000
1.80610889774236000 242340.33984375000000000 720158.74609375000000000
1.81053563523683000 242029.52734375000000000 719236.37109375000000000
1.81496237273130000 241719.46484375000000000 718309.44921875000000000
1.81938911022576000 241410.05859375000000000 717389.08984375000000000
1.82381584772023000 241100.58984375000000000 716470.62109375000000000
1.82824258521470000 240790.74609375000000000 715557.02734375000000000
1.83266932270916000 240482.90234375000000000 714634.51171875000000000
1.83709606020363000 240172.93359375000000000 713714.50000000000000000
1.84152279769810000 239863.55859375000000000 712795.65234375000000000
1.84594953519256000 239554.87109375000000000 711885.08984375000000000
1.85037627268703000 239244.96484375000000000 710965.02734375000000000
1.85480301018150000 238936.02734375000000000 710045.80859375000000000
1.85922974767596000 238624.74609375000000000 709126.50000000000000000
1.86365648517043000 238316.02734375000000000 708209.49609375000000000
1.86808322266490000 238004.12109375000000000 707283.48046875000000000
1.87250996015936000 237693.43359375000000000 706351.87109375000000000
1.87693669765383000 237380.37109375000000000 705423.88671875000000000
1.88136343514830000 237070.68359375000000000 704499.46484375000000000
1.88579017264276000 236761.58984375000000000 703582.44921875000000000
1.89021691013723000 236451.08984375000000000 702657.37109375000000000
1.89464364763170000 236142.74609375000000000 701738.83984375000000000
1.89907038512616000 235832.37109375000000000 700812.37109375000000000
1.90349712262063000 235522.90234375000000000 699901.10546875000000000
1.90792386011510000 235213.83984375000000000 698979.50000000000000000
1.91235059760956000 234904.87109375000000000 698061.32421875000000000
1.91677733510403000 234594.83984375000000000 697140.99609375000000000
1.92120407259850000 234283.68359375000000000 696229.15234375000000000
1.92563081009296000 233978.80859375000000000 695324.24609375000000000
1.93005754758743000 233665.74609375000000000 694393.12109375000000000
1.93448428508190000 233357.12109375000000000 693471.99609375000000000
1.93891102257636000 233044.93359375000000000 692545.99609375000000000
1.94333776007083000 232734.77734375000000000 691619.77734375000000000
1.94776449756530000 232422.46484375000000000 690694.52734375000000000
1.95219123505976000 232113.96484375000000000 689767.12109375000000000
1.95661797255423000 231804.27734375000000000 688851.37109375000000000
1.96104471004869000 231494.12109375000000000 687927.99609375000000000
1.96547144754316000 231183.93359375000000000 687006.24609375000000000
1.96989818503763000 230873.30859375000000000 686080.76171875000000000
1.97432492253209000 230564.62109375000000000 685169.18359375000000000
1.97875166002656000 230255.58984375000000000 684249.24609375000000000
1.98317839752103000 229946.02734375000000000 683334.15234375000000000
1.98760513501549000 229636.12109375000000000 682408.50000000000000000
1.99203187250996000 229327.08984375000000000 681497.26171875000000000
1.99645861000443000 229017.71484375000000000 680580.58984375000000000
2.00088534749889000 228709.27734375000000000 679658.23046875000000000
2.00531208499336000 228396.99609375000000000 678734.99609375000000000
2.00973882248783000 228088.96484375000000000 677819.24609375000000000
2.01416555998229000 227774.83984375000000000 676886.33984375000000000
2.01859229747676000 227464.33984375000000000 675964.08984375000000000
2.02301903497123000 227153.74609375000000000 675033.48046875000000000
2.02744577246569000 226843.93359375000000000 674108.50000000000000000
2.03187250996016000 226533.37109375000000000 673188.13671875000000000
2.03629924745463000 226224.74609375000000000 672271.43359375000000000
2.04072598494909000 225914.37109375000000000 671351.40234375000000000
2.04515272244356000 225606.33984375000000000 670431.40234375000000000
2.04957945993803000 225296.68359375000000000 669511.82421875000000000
2.05400619743249000 224987.37109375000000000 668600.40234375000000000
2.05843293492696000 224678.74609375000000000 667675.65234375000000000
2.06285967242143000 224369.50000000000000000 666761.27734375000000000
2.06728640991589000 224058.77734375000000000 665841.07421875000000000
2.07171314741036000 223748.40234375000000000 664928.93359375000000000
2.07613988490483000 223437.43359375000000000 664003.46484375000000000
2.08056662239929000 223127.74609375000000000 663084.77734375000000000
2.08499335989376000 222817.93359375000000000 662151.05859375000000000
2.08942009738823000 222507.15234375000000000 661223.40234375000000000
2.09384683488269000 222195.27734375000000000 660302.57421875000000000
2.09827357237716000 221885.33984375000000000 659377.05859375000000000
2.10270030987163000 221575.62109375000000000 658457.90234375000000000
2.10712704736609000 221267.15234375000000000 657535.21484375000000000
2.11155378486056000 220956.90234375000000000 656619.48046875000000000
2.11598052235503000 220647.50000000000000000 655693.08984375000000000
2.12040725984949000 220338.15234375000000000 654780.87109375000000000
2.12483399734396000 220029.33984375000000000 653862.33984375000000000
2.12926073483843000 219719.43359375000000000 652942.80859375000000000
2.13368747233289000 219408.93359375000000000 652027.12109375000000000
2.13811420982736000 219101.93359375000000000 651112.99609375000000000
2.14254094732182000 218790.90234375000000000 650195.55859375000000000
2.14696768481629000 218485.65234375000000000 649273.77734375000000000
2.15139442231076000 218170.24609375000000000 648343.30859375000000000
2.15582115980522000 217860.02734375000000000 647426.91796875000000000
2.16024789729969000 217548.74609375000000000 646496.46484375000000000
2.16467463479416000 217239.15234375000000000 645575.58984375000000000
2.16910137228862000 216928.90234375000000000 644651.05859375000000000
2.17352810978309000 216618.83984375000000000 643726.77734375000000000
2.17795484727756000 216308.21484375000000000 642801.46484375000000000
2.18238158477202000 215997.96484375000000000 641885.99609375000000000
2.18680832226649000 215688.37109375000000000 640962.15234375000000000
2.19123505976096000 215379.80859375000000000 640050.43359375000000000
2.19566179725542000 215070.62109375000000000 639125.55859375000000000
2.20008853474989000 214761.12109375000000000 638210.85546875000000000
2.20451527224436000 214451.65234375000000000 637290.83984375000000000
2.20894200973882000 214143.33984375000000000 636380.62109375000000000
2.21336874723329000 213832.68359375000000000 635454.37109375000000000
2.21779548472776000 213521.15234375000000000 634539.52734375000000000
2.22222222222222000 213211.71484375000000000 633611.80859375000000000
2.22664895971669000 212900.05859375000000000 632693.83984375000000000
2.23107569721116000 212589.96484375000000000 631764.96484375000000000
2.23550243470562000 212280.71484375000000000 630846.77734375000000000
2.23992917220009000 211969.68359375000000000 629915.55859375000000000
2.24435590969456000 211659.87109375000000000 628995.58984375000000000
2.24878264718902000 211349.49609375000000000 628075.48046875000000000
2.25320938468349000 211039.62109375000000000 627156.18359375000000000
2.25763612217796000 210731.27734375000000000 626234.32421875000000000
2.26206285967242000 210421.83984375000000000 625317.12109375000000000
2.26648959716689000 210111.80859375000000000 624399.30859375000000000
2.27091633466136000 209803.24609375000000000 623485.37109375000000000
2.27534307215582000 209493.74609375000000000 622557.32421875000000000
2.27976980965029000 209183.71484375000000000 621641.65234375000000000
2.28419654714476000 208873.90234375000000000 620723.71484375000000000
2.28862328463922000 208563.71484375000000000 619810.80859375000000000
2.29305002213369000 208253.74609375000000000 618881.49609375000000000
2.29747675962816000 207943.43359375000000000 617954.74609375000000000
2.30190349712262000 207631.71484375000000000 617029.87109375000000000
2.30633023461709000 207320.71484375000000000 616108.02734375000000000
2.31075697211155000 207010.65234375000000000 615185.48046875000000000
2.31518370960602000 206701.37109375000000000 614260.27734375000000000
2.31961044710049000 206392.27734375000000000 613343.68359375000000000
2.32403718459495000 206082.18359375000000000 612423.46484375000000000
2.32846392208942000 205772.21484375000000000 611504.26171875000000000
2.33289065958389000 205463.30859375000000000 610581.15234375000000000
2.33731739707835000 205154.49609375000000000 609664.48046875000000000
2.34174413457282000 204844.24609375000000000 608745.18359375000000000
2.34617087206729000 204534.37109375000000000 607829.85546875000000000
2.35059760956175000 204226.87109375000000000 606915.02734375000000000
2.35502434705622000 203918.30859375000000000 605996.85546875000000000
2.35945108455069000 203608.55859375000000000 605075.40234375000000000
2.36387782204515000 203295.77734375000000000 604146.96484375000000000
2.36830455953962000 202983.58984375000000000 603223.12109375000000000
2.37273129703409000 202673.43359375000000000 602302.24609375000000000
2.37715803452855000 202364.24609375000000000 601377.15234375000000000
2.38158477202302000 202054.12109375000000000 600459.60546875000000000
2.38601150951749000 201743.80859375000000000 599531.77734375000000000
2.39043824701195000 201433.52734375000000000 598608.96484375000000000
2.39486498450642000 201123.58984375000000000 597684.65234375000000000
2.39929172200089000 200813.71484375000000000 596771.29296875000000000
2.40371845949535000 200504.58984375000000000 595850.40234375000000000
2.40814519698982000 200196.58984375000000000 594933.30859375000000000
2.41257193448429000 199886.05859375000000000 594010.43359375000000000
2.41699867197875000 199577.21484375000000000 593099.71484375000000000
2.42142540947322000 199268.33984375000000000 592179.80859375000000000
2.42585214696769000 198958.49609375000000000 591262.23046875000000000
2.43027888446215000 198648.40234375000000000 590335.96484375000000000
2.43470562195662000 198337.49609375000000000 589416.99609375000000000
2.43913235945109000 198026.65234375000000000 588491.40234375000000000
2.44355909694555000 197716.49609375000000000 587574.13671875000000000
2.44798583444002000 197406.74609375000000000 586645.99609375000000000
2.45241257193449000 197095.90234375000000000 585722.68359375000000000
2.45683930942895000 196784.65234375000000000 584792.55859375000000000
2.46126604692342000 196474.77734375000000000 583875.30859375000000000
2.46569278441789000 196164.96484375000000000 582952.68359375000000000
2.47011952191235000 195856.02734375000000000 582034.65234375000000000
2.47454625940682000 195546.55859375000000000 581114.23046875000000000
2.47897299690128000 195236.80859375000000000 580198.80859375000000000
2.48339973439575000 194928.27734375000000000 579280.93359375000000000
2.48782647189022000 194619.58984375000000000 578360.93359375000000000
2.49225320938468000 194308.93359375000000000 577436.90234375000000000
2.49667994687915000 193999.43359375000000000 576525.65234375000000000
2.50110668437362000 193689.33984375000000000 575606.46484375000000000
2.50553342186808000 193379.77734375000000000 574688.07421875000000000
2.50996015936255000 193069.80859375000000000 573756.40234375000000000
2.51438689685702000 192757.52734375000000000 572831.99609375000000000
2.51881363435148000 192446.65234375000000000 571912.27734375000000000
2.52324037184595000 192137.05859375000000000 570988.50000000000000000
2.52766710934042000 191827.93359375000000000 570067.77734375000000000
2.53209384683488000 191518.12109375000000000 569146.80859375000000000
2.53652058432935000 191208.05859375000000000 568227.05859375000000000
2.54094732182382000 190897.80859375000000000 567304.24609375000000000
2.54537405931828000 190588.43359375000000000 566383.60546875000000000
2.54980079681275000 190279.65234375000000000 565462.50000000000000000
2.55422753430722000 189969.93359375000000000 564546.50000000000000000
2.55865427180168000 189659.49609375000000000 563627.46484375000000000
2.56308100929615000 189351.15234375000000000 562710.65234375000000000
2.56750774679062000 189042.55859375000000000 561795.87109375000000000
2.57193448428508000 188733.27734375000000000 560872.54296875000000000
2.57636122177955000 188421.55859375000000000 559950.65234375000000000
2.58078795927402000 188109.80859375000000000 559026.19921875000000000
2.58521469676848000 187799.65234375000000000 558102.21484375000000000
2.58964143426295000 187489.58984375000000000 557181.29296875000000000
2.59406817175742000 187179.05859375000000000 556258.40234375000000000
2.59849490925188000 186868.83984375000000000 555337.87109375000000000
2.60292164674635000 186559.05859375000000000 554405.65234375000000000
2.60734838424082000 186248.74609375000000000 553489.21484375000000000
2.61177512173528000 185939.37109375000000000 552570.46484375000000000
2.61620185922975000 185629.80859375000000000 551656.60546875000000000
2.62062859672422000 185322.15234375000000000 550731.21484375000000000
2.62505533421868000 185011.33984375000000000 549814.52734375000000000
2.62948207171315000 184702.24609375000000000 548894.55859375000000000
2.63390880920762000 184392.93359375000000000 547982.51171875000000000
2.63833554670208000 184084.21484375000000000 547057.77734375000000000
2.64276228419655000 183773.71484375000000000 546138.93359375000000000
2.64718902169101000 183463.08984375000000000 545213.18359375000000000
2.65161575918548000 183152.18359375000000000 544298.43359375000000000
2.65604249667995000 182842.15234375000000000 543371.68359375000000000
2.66046923417441000 182532.96484375000000000 542451.52734375000000000
2.66489597166888000 182221.33984375000000000 541522.41796875000000000
2.66932270916335000 181910.90234375000000000 540603.40234375000000000
2.67374944665781000 181600.46484375000000000 539672.85546875000000000
2.67817618415228000 181291.08984375000000000 538755.96484375000000000
2.68260292164675000 180981.37109375000000000 537839.02734375000000000
2.68702965914121000 180672.49609375000000000 536919.24609375000000000
2.69145639663568000 180362.40234375000000000 535998.24609375000000000
2.69588313413015000 180053.40234375000000000 535082.55859375000000000
2.70030987162461000 179744.96484375000000000 534158.49609375000000000
2.70473660911908000 179434.24609375000000000 533240.87109375000000000
2.70916334661355000 179124.65234375000000000 532325.12109375000000000
2.71359008410801000 178815.83984375000000000 531413.49609375000000000
2.71801682160248000 178506.71484375000000000 530487.43359375000000000
2.72244355909695000 178196.05859375000000000 529563.33984375000000000
2.72687029659141000 177883.33984375000000000 528635.04296875000000000
2.73129703408588000 177572.27734375000000000 527709.83984375000000000
2.73572377158035000 177262.71484375000000000 526790.65234375000000000
2.74015050907481000 176953.77734375000000000 525874.12109375000000000
2.74457724656928000 176644.40234375000000000 524949.33984375000000000
2.74900398406375000 176333.87109375000000000 524026.43359375000000000
2.75343072155821000 176023.49609375000000000 523102.93359375000000000
2.75785745905268000 175713.68359375000000000 522179.55859375000000000
2.76228419654715000 175404.83984375000000000 521263.07421875000000000
2.76671093404161000 175095.43359375000000000 520346.15234375000000000
2.77113767153608000 174785.93359375000000000 519429.77734375000000000
2.77556440903055000 174476.96484375000000000 518512.71484375000000000
2.77999114652501000 174168.49609375000000000 517594.05859375000000000
2.78441788401948000 173858.74609375000000000 516677.50000000000000000
2.78884462151395000 173547.58984375000000000 515752.65234375000000000
2.79327135900841000 173236.58984375000000000 514831.68359375000000000
2.79769809650288000 172926.21484375000000000 513908.19921875000000000
2.80212483399735000 172616.18359375000000000 512985.21484375000000000
2.80655157149181000 172305.49609375000000000 512065.49609375000000000
2.81097830898628000 171995.65234375000000000 511137.99609375000000000
2.81540504648075000 171685.40234375000000000 510214.02734375000000000
2.81983178397521000 171374.77734375000000000 509287.18359375000000000
2.82425852146968000 171065.08984375000000000 508374.99609375000000000
2.82868525896414000 170755.58984375000000000 507455.05859375000000000
2.83311199645861000 170447.68359375000000000 506537.88671875000000000
2.83753873395308000 170137.40234375000000000 505611.46484375000000000
2.84196547144754000 169828.21484375000000000 504702.18359375000000000
2.84639220894201000 169519.24609375000000000 503783.93359375000000000
2.85081894643648000 169210.33984375000000000 502862.41796875000000000
2.85524568393094000 168899.27734375000000000 501934.58984375000000000
2.85967242142541000 168588.90234375000000000 501021.35546875000000000
2.86409915891988000 168279.05859375000000000 500101.68359375000000000
2.86852589641434000 167968.49609375000000000 499180.96484375000000000
2.87295263390881000 167659.43359375000000000 498251.74609375000000000
2.87737937140328000 167347.83984375000000000 497329.99609375000000000
2.88180610889774000 167036.90234375000000000 496404.43359375000000000
2.88623284639221000 166726.68359375000000000 495484.46484375000000000
2.89065958388668000 166416.71484375000000000 494556.94921875000000000
2.89508632138114000 166107.68359375000000000 493640.83984375000000000
2.89951305887561000 165798.12109375000000000 492720.85546875000000000
2.90393979637008000 165488.58984375000000000 491805.43359375000000000
2.90836653386454000 165179.49609375000000000 490880.29296875000000000
2.91279327135901000 164870.52734375000000000 489962.55859375000000000
2.91722000885348000 164560.62109375000000000 489042.65234375000000000
2.92164674634794000 164250.68359375000000000 488132.90234375000000000
2.92607348384241000 163941.99609375000000000 487212.33984375000000000
2.93050022133688000 163632.43359375000000000 486295.10546875000000000
2.93492695883134000 163322.37109375000000000 485367.15234375000000000
2.93935369632581000 163009.99609375000000000 484446.80859375000000000
2.94378043382028000 162698.93359375000000000 483519.07421875000000000
2.94820717131474000 162388.68359375000000000 482597.37109375000000000
2.95263390880921000 162079.83984375000000000 481676.82421875000000000
2.95706064630368000 161770.80859375000000000 480758.30859375000000000
2.96148738379814000 161459.77734375000000000 479831.37109375000000000
2.96591412129261000 161149.33984375000000000 478903.83984375000000000
2.97034085878708000 160839.12109375000000000 477984.69921875000000000
2.97476759628154000 160529.87109375000000000 477067.27734375000000000
2.97919433377601000 160221.21484375000000000 476149.04296875000000000
2.98362107127048000 159911.65234375000000000 475231.80859375000000000
2.98804780876494000 159602.08984375000000000 474312.54296875000000000
2.99247454625941000 159293.46484375000000000 473398.90234375000000000
2.99690128375387000 158984.83984375000000000 472477.96484375000000000
3.00132802124834000 158673.62109375000000000 471558.02734375000000000
3.00575475874281000 158362.77734375000000000 470634.24609375000000000
3.01018149623727000 158053.02734375000000000 469714.49609375000000000
3.01460823373174000 157742.52734375000000000 468788.73046875000000000
3.01903497122621000 157431.74609375000000000 467868.19921875000000000
3.02346170872067000 157121.55859375000000000 466945.79296875000000000
3.02788844621514000 156811.58984375000000000 466018.24609375000000000
3.03231518370961000 156501.12109375000000000 465097.96484375000000000
3.03674192120407000 156190.62109375000000000 464171.43359375000000000
3.04116865869854000 155881.24609375000000000 463258.94921875000000000
3.04559539619301000 155572.71484375000000000 462335.46484375000000000
3.05002213368747000 155263.27734375000000000 461416.49609375000000000
3.05444887118194000 154952.80859375000000000 460496.37109375000000000
3.05887560867641000 154644.49609375000000000 459584.55859375000000000
3.06330234617087000 154335.58984375000000000 458660.55859375000000000
3.06772908366534000 154025.55859375000000000 457740.68359375000000000
3.07215582115981000 153714.96484375000000000 456818.93359375000000000
3.07658255865427000 153404.74609375000000000 455907.77734375000000000
3.08100929614874000 153095.71484375000000000 454984.71484375000000000
3.08543603364321000 152785.12109375000000000 454061.24609375000000000
3.08986277113767000 152473.43359375000000000 453132.87109375000000000
3.09428950863214000 152162.80859375000000000 452211.50000000000000000
3.09871624612661000 151852.74609375000000000 451286.80859375000000000
3.10314298362107000 151542.58984375000000000 450366.50000000000000000
3.10756972111554000 151233.87109375000000000 449441.41796875000000000
3.11199645861001000 150923.96484375000000000 448526.37109375000000000
3.11642319610447000 150613.90234375000000000 447604.82421875000000000
3.12084993359894000 150305.24609375000000000 446688.83984375000000000
3.12527667109341000 149996.21484375000000000 445762.80859375000000000
3.12970340858787000 149686.49609375000000000 444846.46484375000000000
3.13413014608234000 149375.83984375000000000 443929.80859375000000000
3.13855688357681000 149068.15234375000000000 443018.32421875000000000
3.14298362107127000 148759.21484375000000000 442094.87109375000000000
3.14741035856574000 148448.33984375000000000 441174.63671875000000000
3.15183709606021000 148136.90234375000000000 440246.93359375000000000
3.15626383355467000 147825.05859375000000000 439328.10546875000000000
3.16069057104914000 147515.27734375000000000 438399.01171875000000000
3.16511730854360000 147206.08984375000000000 437481.71484375000000000
3.16954404603807000 146895.96484375000000000 436559.46484375000000000
3.17397078353254000 146585.65234375000000000 435636.74609375000000000
3.17839752102700000 146275.80859375000000000 434708.60546875000000000
3.18282425852147000 145965.08984375000000000 433786.74609375000000000
3.18725099601594000 145655.87109375000000000 432870.65234375000000000
3.19167773351040000 145346.74609375000000000 431958.49609375000000000
3.19610447100487000 145038.49609375000000000 431034.37109375000000000
3.20053120849934000 144728.68359375000000000 430117.30859375000000000
3.20495794599380000 144419.33984375000000000 429199.08984375000000000
3.20938468348827000 144110.77734375000000000 428289.98046875000000000
3.21381142098274000 143800.83984375000000000 427361.82421875000000000
3.21823815847720000 143489.58984375000000000 426439.21484375000000000
3.22266489597167000 143178.49609375000000000 425514.85546875000000000
3.22709163346614000 142868.12109375000000000 424595.87109375000000000
3.23151837096060000 142557.71484375000000000 423667.35546875000000000
3.23594510845507000 142248.37109375000000000 422747.49609375000000000
3.24037184594954000 141937.74609375000000000 421826.37109375000000000
3.24479858344400000 141627.30859375000000000 420897.43359375000000000
3.24922532093847000 141316.99609375000000000 419979.46484375000000000
3.25365205843294000 141007.15234375000000000 419055.02734375000000000
3.25807879592740000 140698.62109375000000000 418139.82421875000000000
3.26250553342187000 140389.15234375000000000 417215.30859375000000000
3.26693227091634000 140079.21484375000000000 416303.38671875000000000
3.27135900841080000 139770.43359375000000000 415384.96484375000000000
3.27578574590527000 139461.74609375000000000 414464.83984375000000000
3.28021248339974000 139151.49609375000000000 413542.49609375000000000
3.28463922089420000 138841.12109375000000000 412627.01171875000000000
3.28906595838867000 138531.93359375000000000 411704.93359375000000000
3.29349269588314000 138221.46484375000000000 410786.12109375000000000
3.29791943337760000 137910.93359375000000000 409861.49609375000000000
3.30234617087207000 137599.43359375000000000 408935.96484375000000000
3.30677290836653000 137288.43359375000000000 408008.71484375000000000
3.31119964586100000 136979.05859375000000000 407089.30859375000000000
3.31562638335547000 136668.71484375000000000 406161.99609375000000000
3.32005312084994000 136359.74609375000000000 405243.90234375000000000
3.32447985834440000 136049.62109375000000000 404322.71484375000000000
3.32890659583887000 135739.99609375000000000 403406.46484375000000000
3.33333333333333000 135430.68359375000000000 402482.35546875000000000
3.33776007082780000 135121.55859375000000000 401566.27734375000000000
3.34218680832227000 134811.99609375000000000 400644.83984375000000000
3.34661354581673000 134501.90234375000000000 399729.12109375000000000
3.35104028331120000 134194.18359375000000000 398814.27734375000000000
3.35546702080567000 133885.49609375000000000 397900.33984375000000000
3.35989375830013000 133575.18359375000000000 396972.80859375000000000
3.36432049579460000 133263.15234375000000000 396052.30859375000000000
3.36874723328907000 132951.37109375000000000 395123.65234375000000000
3.37317397078353000 132641.46484375000000000 394205.02734375000000000
3.37760070827800000 132331.58984375000000000 393278.66796875000000000
3.38202744577247000 132021.96484375000000000 392362.55859375000000000
3.38645418326693000 131711.93359375000000000 391437.02734375000000000
3.39088092076140000 131401.58984375000000000 390511.49609375000000000
3.39530765825587000 131090.99609375000000000 389587.21484375000000000
3.39973439575033000 130781.18359375000000000 388672.08984375000000000
3.40416113324480000 130472.65234375000000000 387754.48046875000000000
3.40858787073927000 130163.99609375000000000 386835.05859375000000000
3.41301460823373000 129853.21484375000000000 385911.63671875000000000
3.41744134572820000 129544.49609375000000000 385000.49609375000000000
3.42186808322267000 129236.12109375000000000 384084.49609375000000000
3.42629482071713000 128926.65234375000000000 383164.62109375000000000
3.43072155821160000 128615.46484375000000000 382235.93359375000000000
3.43514829570607000 128304.74609375000000000 381318.33984375000000000
3.43957503320053000 127994.40234375000000000 380396.46484375000000000
3.44400177069500000 127684.37109375000000000 379476.33984375000000000
3.44842850818947000 127375.15234375000000000 378550.73046875000000000
3.45285524568393000 127064.24609375000000000 377624.08984375000000000
3.45728198317840000 126753.33984375000000000 376704.29296875000000000
3.46170872067287000 126442.99609375000000000 375779.49609375000000000
3.46613545816733000 126132.96484375000000000 374860.98046875000000000
3.47056219566180000 125823.99609375000000000 373937.50000000000000000
3.47498893315627000 125515.49609375000000000 373022.33984375000000000
3.47941567065073000 125204.74609375000000000 372103.65234375000000000
3.48384240814520000 124895.90234375000000000 371188.04296875000000000
3.48826914563967000 124587.71484375000000000 370265.40234375000000000
3.49269588313413000 124277.33984375000000000 369346.77734375000000000
3.49712262062860000 123967.15234375000000000 368428.90234375000000000
3.50154935812306000 123657.21484375000000000 367509.41796875000000000
3.50597609561753000 123347.80859375000000000 366585.96484375000000000
3.51040283311200000 123037.37109375000000000 365662.50000000000000000
3.51482957060646000 122725.58984375000000000 364734.74609375000000000
3.51925630810093000 122414.37109375000000000 363815.35546875000000000
3.52368304559540000 122104.15234375000000000 362887.02734375000000000
3.52810978308986000 121795.87109375000000000 361970.71484375000000000
3.53253652058433000 121485.99609375000000000 361048.50000000000000000
3.53696325807880000 121175.99609375000000000 360131.79296875000000000
3.54138999557326000 120865.55859375000000000 359204.44921875000000000
3.54581673306773000 120556.21484375000000000 358287.87109375000000000
3.55024347056220000 120247.33984375000000000 357366.18359375000000000
3.55467020805666000 119937.71484375000000000 356453.77734375000000000
3.55909694555113000 119628.08984375000000000 355531.83984375000000000
3.56352368304560000 119319.80859375000000000 354619.37109375000000000
3.56795042054006000 119012.33984375000000000 353702.43359375000000000
3.57237715803453000 118701.99609375000000000 352780.55859375000000000
3.57680389552900000 118389.93359375000000000 351852.24609375000000000
3.58123063302346000 118078.08984375000000000 350931.23046875000000000
3.58565737051793000 117767.90234375000000000 350005.40234375000000000
3.59008410801240000 117457.93359375000000000 349086.24609375000000000
3.59451084550686000 117146.80859375000000000 348158.21484375000000000
3.59893758300133000 116837.15234375000000000 347240.43359375000000000
3.60336432049580000 116527.43359375000000000 346312.16796875000000000
3.60779105799026000 116217.21484375000000000 345388.93359375000000000
3.61221779548473000 115907.37109375000000000 344470.77734375000000000
3.61664453297920000 115598.08984375000000000 343556.40234375000000000
3.62107127047366000 115289.65234375000000000 342635.04296875000000000
3.62549800796813000 114979.80859375000000000 341715.99609375000000000
3.62992474546260000 114670.24609375000000000 340796.66796875000000000
3.63435148295706000 114361.80859375000000000 339888.01171875000000000
3.63877822045153000 114052.93359375000000000 338961.99609375000000000
3.64320495794600000 113741.99609375000000000 338042.77734375000000000
3.64763169544046000 113431.02734375000000000 337119.58984375000000000
3.65205843293493000 113120.99609375000000000 336202.33984375000000000
3.65648517042940000 112810.71484375000000000 335279.16796875000000000
3.66091190792386000 112502.30859375000000000 334358.15234375000000000
3.66533864541833000 112190.83984375000000000 333429.08984375000000000
3.66976538291280000 111879.77734375000000000 332504.80859375000000000
3.67419212040726000 111569.27734375000000000 331585.33984375000000000
3.67861885790173000 111259.74609375000000000 330661.18359375000000000
3.68304559539619000 110950.43359375000000000 329741.79296875000000000
3.68747233289066000 110640.87109375000000000 328817.40234375000000000
3.69189907038513000 110330.99609375000000000 327904.85546875000000000
3.69632580787959000 110021.80859375000000000 326985.30859375000000000
3.70075254537406000 109713.18359375000000000 326066.26171875000000000
3.70517928286853000 109403.02734375000000000 325146.62109375000000000
3.70960602036299000 109093.08984375000000000 324231.46484375000000000
3.71403275785746000 108784.33984375000000000 323316.65234375000000000
3.71845949535193000 108474.40234375000000000 322390.40234375000000000
3.72288623284639000 108164.37109375000000000 321464.12109375000000000
3.72731297034086000 107852.24609375000000000 320541.71484375000000000
3.73173970783533000 107540.71484375000000000 319614.80859375000000000
3.73616644532979000 107230.74609375000000000 318695.74609375000000000
3.74059318282426000 106921.74609375000000000 317770.49609375000000000
3.74501992031873000 106612.65234375000000000 316855.65234375000000000
3.74944665781319000 106302.77734375000000000 315933.37109375000000000
3.75387339530766000 105992.49609375000000000 315011.62109375000000000
3.75830013280213000 105682.18359375000000000 314085.58984375000000000
3.76272687029659000 105372.96484375000000000 313172.88671875000000000
3.76715360779106000 105063.90234375000000000 312252.65234375000000000
3.77158034528553000 104754.49609375000000000 311338.04296875000000000
3.77600708277999000 104445.65234375000000000 310414.12109375000000000
3.78043382027446000 104137.15234375000000000 309503.35546875000000000
3.78486055776893000 103827.93359375000000000 308583.49609375000000000
3.78928729526339000 103516.80859375000000000 307658.41796875000000000
3.79371403275786000 103205.08984375000000000 306730.87109375000000000
3.79814077025233000 102894.58984375000000000 305813.55859375000000000
3.80256750774679000 102584.21484375000000000 304885.93359375000000000
3.80699424524126000 102273.49609375000000000 303969.87109375000000000
3.81142098273573000 101964.08984375000000000 303042.55859375000000000
3.81584772023019000 101654.15234375000000000 302119.40234375000000000
3.82027445772466000 101343.80859375000000000 301193.32421875000000000
3.82470119521913000 101033.46484375000000000 300278.99609375000000000
3.82912793271359000 100723.93359375000000000 299357.87109375000000000
3.83355467020806000 100415.80859375000000000 298440.74609375000000000
3.83798140770252000 100105.68359375000000000 297518.58984375000000000
3.84240814519699000 99796.18359375000000000 296608.40234375000000000
3.84683488269146000 99487.46484375000000000 295682.96484375000000000
3.85126162018592000 99178.37109375000000000 294767.93359375000000000
3.85568835768039000 98868.15234375000000000 293845.62109375000000000
3.86011509517486000 98557.80859375000000000 292927.24609375000000000
3.86454183266932000 98247.27734375000000000 292003.54296875000000000
3.86896857016379000 97937.24609375000000000 291083.24609375000000000
3.87339530765826000 97627.80859375000000000 290156.37109375000000000
3.87782204515272000 97316.77734375000000000 289229.49609375000000000
3.88224878264719000 97005.21484375000000000 288307.23046875000000000
3.88667552014166000 96694.99609375000000000 287383.37109375000000000
3.89110225763612000 96384.80859375000000000 286463.08984375000000000
3.89552899513059000 96076.18359375000000000 285541.15234375000000000
3.89995573262506000 95766.15234375000000000 284623.98046875000000000
3.90438247011952000 95456.24609375000000000 283697.93359375000000000
3.90880920761399000 95147.02734375000000000 282785.69921875000000000
3.91323594510846000 94838.90234375000000000 281868.96484375000000000
3.91766268260292000 94528.80859375000000000 280947.96484375000000000
3.92208942009739000 94218.74609375000000000 280032.80859375000000000
3.92651615759186000 93909.99609375000000000 279114.74609375000000000
3.93094289508632000 93601.08984375000000000 278197.40234375000000000
3.93536963258079000 93291.05859375000000000 277270.35546875000000000
3.93979637007526000 92979.08984375000000000 276345.27734375000000000
3.94422310756972000 92667.05859375000000000 275423.96484375000000000
3.94864984506419000 92356.93359375000000000 274499.55859375000000000
3.95307658255866000 92048.30859375000000000 273580.48046875000000000
3.95750332005312000 91738.62109375000000000 272658.21484375000000000
3.96193005754759000 91428.50000000000000000 271735.21484375000000000
3.96635679504206000 91117.99609375000000000 270807.21484375000000000
3.97078353253652000 90807.27734375000000000 269891.87109375000000000
3.97521027003099000 90498.30859375000000000 268968.50000000000000000
3.97963700752546000 90189.30859375000000000 268056.96484375000000000
3.98406374501992000 89880.02734375000000000 267132.12109375000000000
3.98849048251439000 89570.37109375000000000 266217.12109375000000000
3.99291722000886000 89261.71484375000000000 265299.49609375000000000
3.99734395750332000 88953.05859375000000000 264387.40234375000000000
4.00177069499779000 88642.68359375000000000 263462.74609375000000000
4.00619743249226000 88331.49609375000000000 262539.49609375000000000
4.01062416998672000 88020.93359375000000000 261612.74609375000000000
4.01505090748119000 87710.33984375000000000 260696.18359375000000000
4.01947764497565000 87399.93359375000000000 259771.15234375000000000
4.02390438247012000 87091.27734375000000000 258855.85546875000000000
4.02833111996459000 86781.21484375000000000 257924.02734375000000000
4.03275785745905000 86470.21484375000000000 257004.65234375000000000
4.03718459495352000 86159.43359375000000000 256080.79296875000000000
4.04161133244799000 85849.43359375000000000 255163.37109375000000000
4.04603806994245000 85540.49609375000000000 254240.54296875000000000
4.05046480743692000 85231.27734375000000000 253324.74609375000000000
4.05489154493139000 84921.58984375000000000 252407.30859375000000000
4.05931828242585000 84613.12109375000000000 251493.58984375000000000
4.06374501992032000 84303.74609375000000000 250565.35546875000000000
4.06817175741479000 83993.68359375000000000 249646.77734375000000000
4.07259849490925000 83682.87109375000000000 248726.46484375000000000
4.07702523240372000 83373.24609375000000000 247813.02734375000000000
4.08145196989819000 83063.40234375000000000 246884.65234375000000000
4.08587870739265000 82754.30859375000000000 245964.74609375000000000
4.09030544488712000 82442.52734375000000000 245037.65234375000000000
4.09473218238159000 82131.43359375000000000 244116.33984375000000000
4.09915891987605000 81821.12109375000000000 243190.63671875000000000
4.10358565737052000 81510.87109375000000000 242267.02734375000000000
4.10801239486499000 81201.90234375000000000 241349.02734375000000000
4.11243913235945000 80892.68359375000000000 240432.12109375000000000
4.11686586985392000 80583.05859375000000000 239509.52734375000000000
4.12129260734839000 80273.05859375000000000 238588.48046875000000000
4.12571934484285000 79964.68359375000000000 237671.85546875000000000
4.13014608233732000 79655.33984375000000000 236755.02734375000000000
4.13457281983179000 79345.24609375000000000 235836.12109375000000000
4.13899955732625000 79036.77734375000000000 234921.37109375000000000
4.14342629482072000 78727.58984375000000000 234001.30859375000000000
4.14785303231519000 78417.93359375000000000 233082.68359375000000000
4.15227976980965000 78105.87109375000000000 232151.76171875000000000
4.15670650730412000 77793.80859375000000000 231228.40234375000000000
4.16113324479859000 77483.65234375000000000 230305.18359375000000000
4.16555998229305000 77173.90234375000000000 229381.43359375000000000
4.16998671978752000 76864.55859375000000000 228463.40234375000000000
4.17441345728199000 76554.12109375000000000 227538.24609375000000000
4.17884019477645000 76244.71484375000000000 226615.83984375000000000
4.18326693227092000 75933.65234375000000000 225690.55859375000000000
4.18769366976538000 75624.37109375000000000 224776.83984375000000000
4.19212040725985000 75314.96484375000000000 223856.99609375000000000
4.19654714475432000 75006.58984375000000000 222939.43359375000000000
4.20097388224878000 74696.55859375000000000 222017.27734375000000000
4.20540061974325000 74387.65234375000000000 221104.98046875000000000
4.20982735723772000 74078.96484375000000000 220186.99609375000000000
4.21425409473218000 73769.12109375000000000 219268.05859375000000000
4.21868083222665000 73458.05859375000000000 218342.50000000000000000
4.22310756972112000 73148.21484375000000000 217422.54296875000000000
4.22753430721558000 72837.37109375000000000 216497.90234375000000000
4.23196104471005000 72527.21484375000000000 215581.23046875000000000
4.23638778220452000 72218.77734375000000000 214658.30859375000000000
4.24081451969898000 71908.65234375000000000 213735.29296875000000000
4.24524125719345000 71596.83984375000000000 212803.05859375000000000
4.24966799468792000 71285.93359375000000000 211885.93359375000000000
4.25409473218238000 70975.68359375000000000 210961.58984375000000000
4.25852146967685000 70667.02734375000000000 210046.71484375000000000
4.26294820717132000 70357.74609375000000000 209123.30859375000000000
4.26737494466578000 70047.83984375000000000 208208.71484375000000000
4.27180168216025000 69739.18359375000000000 207290.05859375000000000
4.27622841965472000 69430.24609375000000000 206371.43359375000000000
4.28065515714918000 69119.93359375000000000 205444.87109375000000000
4.28508189464365000 68809.68359375000000000 204532.30859375000000000
4.28950863213812000 68499.99609375000000000 203612.46484375000000000
4.29393536963258000 68190.15234375000000000 202693.99609375000000000
4.29836210712705000 67880.62109375000000000 201762.90234375000000000
4.30278884462152000 67568.58984375000000000 200839.40234375000000000
4.30721558211598000 67257.58984375000000000 199916.49609375000000000
4.31164231961045000 66946.90234375000000000 198994.96484375000000000
4.31606905710492000 66637.96484375000000000 198070.87109375000000000
4.32049579459938000 66327.83984375000000000 197152.96484375000000000
4.32492253209385000 66018.90234375000000000 196234.30859375000000000
4.32934926958831000 65708.99609375000000000 195314.43359375000000000
4.33377600708278000 65399.58984375000000000 194389.38671875000000000
4.33820274457725000 65090.30859375000000000 193472.18359375000000000
4.34262948207172000 64781.24609375000000000 192554.96484375000000000
4.34705621956618000 64470.96484375000000000 191637.37109375000000000
4.35148295706065000 64162.02734375000000000 190717.58984375000000000
4.35590969455511000 63853.43359375000000000 189804.83984375000000000
4.36033643204958000 63544.08984375000000000 188879.99609375000000000
4.36476316954405000 63232.33984375000000000 187959.12109375000000000
4.36918990703852000 62920.30859375000000000 187031.02734375000000000
4.37361664453298000 62609.90234375000000000 186108.50000000000000000
4.37804338202745000 62300.43359375000000000 185186.68359375000000000
4.38247011952191000 61990.27734375000000000 184268.10546875000000000
4.38689685701638000 61679.99609375000000000 183345.16796875000000000
4.39132359451085000 61370.46484375000000000 182414.02734375000000000
4.39575033200531000 61059.52734375000000000 181496.12109375000000000
4.40017706949978000 60749.93359375000000000 180577.50000000000000000
4.40460380699425000 60440.74609375000000000 179660.66796875000000000
4.40903054448871000 60132.43359375000000000 178739.46484375000000000
4.41345728198318000 59822.58984375000000000 177824.33984375000000000
4.41788401947765000 59513.05859375000000000 176904.74609375000000000
4.42231075697211000 59204.65234375000000000 175990.07421875000000000
4.42673749446658000 58895.40234375000000000 175066.37109375000000000
4.43116423196105000 58584.58984375000000000 174144.05859375000000000
4.43559096945551000 58273.83984375000000000 173219.77734375000000000
4.44001770694998000 57963.27734375000000000 172303.49609375000000000
4.44444444444445000 57653.08984375000000000 171380.65234375000000000
4.44887118193891000 57345.15234375000000000 170462.82421875000000000
4.45329791943338000 57034.24609375000000000 169533.40234375000000000
4.45772465692785000 56722.49609375000000000 168611.96484375000000000
4.46215139442231000 56411.74609375000000000 167679.96484375000000000
4.46657813191678000 56101.52734375000000000 166765.18359375000000000
4.47100486941125000 55792.43359375000000000 165847.18359375000000000
4.47543160690571000 55484.15234375000000000 164928.99609375000000000
4.47985834440018000 55173.49609375000000000 164006.30859375000000000
4.48428508189465000 54864.80859375000000000 163091.62109375000000000
4.48871181938911000 54556.08984375000000000 162166.37109375000000000
4.49313855688358000 54246.27734375000000000 161248.65234375000000000
4.49756529437805000 53935.49609375000000000 160329.18359375000000000
4.50199203187251000 53626.15234375000000000 159417.18359375000000000
4.50641876936698000 53316.77734375000000000 158491.93359375000000000
4.51084550686145000 53006.37109375000000000 157569.58984375000000000
4.51527224435591000 52694.15234375000000000 156640.96484375000000000
4.51969898185038000 52383.49609375000000000 155717.05859375000000000
4.52412571934484000 52073.52734375000000000 154795.91796875000000000
4.52855245683931000 51764.58984375000000000 153879.50000000000000000
4.53297919433378000 51454.49609375000000000 152954.02734375000000000
4.53740593182824000 51144.49609375000000000 152036.93359375000000000
4.54183266932271000 50834.83984375000000000 151112.60546875000000000
4.54625940681718000 50525.43359375000000000 150191.37109375000000000
4.55068614431164000 50215.90234375000000000 149270.74609375000000000
4.55511288180611000 49906.71484375000000000 148355.77734375000000000
4.55953961930058000 49596.83984375000000000 147436.13671875000000000
4.56396635679504000 49287.71484375000000000 146521.99609375000000000
4.56839309428951000 48979.52734375000000000 145600.43359375000000000
4.57281983178398000 48669.49609375000000000 144685.52734375000000000
4.57724656927844000 48358.62109375000000000 143757.19921875000000000
4.58167330677291000 48047.15234375000000000 142835.55859375000000000
4.58610004426738000 47736.65234375000000000 141911.26171875000000000
4.59052678176184000 47426.87109375000000000 140991.27734375000000000
4.59495351925631000 47116.49609375000000000 140071.26171875000000000
4.59938025675078000 46807.24609375000000000 139148.05859375000000000
4.60380699424524000 46496.99609375000000000 138221.94921875000000000
4.60823373173971000 46186.43359375000000000 137295.93359375000000000
4.61266046923418000 45877.05859375000000000 136384.32421875000000000
4.61708720672864000 45567.90234375000000000 135465.62109375000000000
4.62151394422311000 45259.12109375000000000 134545.16796875000000000
4.62594068171758000 44948.71484375000000000 133621.15234375000000000
4.63036741921204000 44639.30859375000000000 132710.16796875000000000
4.63479415670651000 44330.58984375000000000 131797.18359375000000000
4.63922089420098000 44022.24609375000000000 130870.16796875000000000
4.64364763169544000 43710.71484375000000000 129942.68359375000000000
4.64807436918991000 43400.12109375000000000 129026.10546875000000000
4.65250110668438000 43089.71484375000000000 128107.49609375000000000
4.65692784417884000 42779.74609375000000000 127186.99609375000000000
4.66135458167331000 42471.62109375000000000 126264.49609375000000000
4.66578131916778000 42160.58984375000000000 125341.57421875000000000
4.67020805666224000 41849.43359375000000000 124413.37109375000000000
4.67463479415671000 41538.02734375000000000 123491.74609375000000000
4.67906153165118000 41227.74609375000000000 122563.82421875000000000
4.68348826914564000 40918.87109375000000000 121649.74609375000000000
4.68791500664011000 40609.80859375000000000 120729.37109375000000000
4.69234174413457000 40299.96484375000000000 119814.52734375000000000
4.69676848162904000 39990.50000000000000000 118889.87109375000000000
4.70119521912351000 39682.18359375000000000 117974.24609375000000000
4.70562195661797000 39372.77734375000000000 117052.02734375000000000
4.71004869411244000 39062.12109375000000000 116138.49609375000000000
4.71447543160691000 38753.08984375000000000 115218.46484375000000000
4.71890216910137000 38443.21484375000000000 114300.43359375000000000
4.72332890659584000 38133.58984375000000000 113373.18359375000000000
4.72775564409031000 37821.43359375000000000 112452.73046875000000000
4.73218238158477000 37510.15234375000000000 111522.54296875000000000
4.73660911907924000 37199.71484375000000000 110601.12109375000000000
4.74103585657371000 36890.90234375000000000 109679.10546875000000000
4.74546259406817000 36580.83984375000000000 108761.99609375000000000
4.74988933156264000 36271.05859375000000000 107837.58984375000000000
4.75431606905711000 35961.46484375000000000 106914.99609375000000000
4.75874280655157000 35651.43359375000000000 105993.21484375000000000
4.76316954404604000 35342.40234375000000000 105077.58984375000000000
4.76759628154051000 35032.96484375000000000 104156.57421875000000000
4.77202301903497000 34723.62109375000000000 103242.80859375000000000
4.77644975652944000 34414.30859375000000000 102321.30859375000000000
4.78087649402391000 34105.87109375000000000 101409.30859375000000000
4.78530323151837000 33796.58984375000000000 100486.19921875000000000
4.78972996901284000 33485.49609375000000000 99566.50000000000000000
4.79415670650731000 33174.37109375000000000 98639.27734375000000000
4.79858344400177000 32864.33984375000000000 97720.68359375000000000
4.80301018149624000 32553.83984375000000000 96793.05859375000000000
4.80743691899071000 32242.93359375000000000 95874.50000000000000000
4.81186365648517000 31933.33984375000000000 94952.77734375000000000
4.81629039397964000 31624.08984375000000000 94028.49609375000000000
4.82071713147411000 31313.40234375000000000 93104.60546875000000000
4.82514386896857000 31002.43359375000000000 92180.12109375000000000
4.82957060646304000 30693.08984375000000000 91266.23046875000000000
4.83399734395751000 30384.77734375000000000 90345.02734375000000000
4.83842408145197000 30075.05859375000000000 89424.54296875000000000
4.84285081894644000 29765.33984375000000000 88508.96484375000000000
4.84727755644091000 29456.52734375000000000 87594.82421875000000000
4.85170429393537000 29148.24609375000000000 86674.46484375000000000
4.85613103142984000 28837.71484375000000000 85747.74609375000000000
4.86055776892430000 28526.96484375000000000 84826.08984375000000000
4.86498450641877000 28216.49609375000000000 83911.13671875000000000
4.86941124391324000 27906.40234375000000000 82989.08984375000000000
4.87383798140770000 27598.08984375000000000 82067.15234375000000000
4.87826471890217000 27286.27734375000000000 81140.83984375000000000
4.88269145639664000 26975.18359375000000000 80217.62109375000000000
4.88711819389111000 26664.49609375000000000 79291.50000000000000000
4.89154493138557000 26354.77734375000000000 78371.98046875000000000
4.89597166888004000 26044.96484375000000000 77447.96484375000000000
4.90039840637450000 25736.24609375000000000 76534.87109375000000000
4.90482514386897000 25426.55859375000000000 75611.93359375000000000
4.90925188136344000 25116.68359375000000000 74695.93359375000000000
4.91367861885790000 24808.62109375000000000 73771.05859375000000000
4.91810535635237000 24498.27734375000000000 72854.08984375000000000
4.92253209384684000 24188.05859375000000000 71937.33984375000000000
4.92695883134130000 23879.27734375000000000 71022.13671875000000000
4.93138556883577000 23570.05859375000000000 70099.55859375000000000
4.93581230633024000 23259.83984375000000000 69178.76171875000000000
4.94023904382470000 22948.12109375000000000 68250.05859375000000000
4.94466578131917000 22636.37109375000000000 67330.27734375000000000
4.94909251881364000 22326.15234375000000000 66401.23046875000000000
4.95351925630810000 22017.43359375000000000 65485.49609375000000000
4.95794599380257000 21707.33984375000000000 64562.77734375000000000
4.96237273129704000 21397.24609375000000000 63642.96484375000000000
4.96679946879150000 21087.37109375000000000 62714.54296875000000000
4.97122620628597000 20776.93359375000000000 61796.02734375000000000
4.97565294378044000 20467.90234375000000000 60876.99609375000000000
4.98007968127490000 20158.74609375000000000 59964.99609375000000000
4.98450641876937000 19849.80859375000000000 59040.05859375000000000
4.98893315626384000 19539.87109375000000000 58124.71484375000000000
4.99335989375830000 19231.18359375000000000 57205.79296875000000000
4.99778663125277000 18922.68359375000000000 56295.50000000000000000
5.00221336874724000 18612.08984375000000000 55366.68359375000000000
5.00664010624170000 18300.99609375000000000 54443.83984375000000000
5.01106684373617000 17989.93359375000000000 53518.02734375000000000
5.01549358123064000 17679.58984375000000000 52600.02734375000000000
5.01992031872510000 17369.24609375000000000 51670.60546875000000000
5.02434705621957000 17060.27734375000000000 50756.02734375000000000
5.02877379371403000 16750.99609375000000000 49833.93359375000000000
5.03320053120850000 16439.43359375000000000 48905.37109375000000000
5.03762726870297000 16128.96484375000000000 47985.04296875000000000
5.04205400619743000 15819.05859375000000000 47063.37109375000000000
5.04648074369190000 15510.77734375000000000 46146.44921875000000000
5.05090748118637000 15201.43359375000000000 45223.08984375000000000
5.05533421868083000 14891.30859375000000000 44309.15234375000000000
5.05976095617530000 14582.37109375000000000 43394.08984375000000000
5.06418769366977000 14273.87109375000000000 42472.58984375000000000
5.06861443116423000 13963.68359375000000000 41549.83984375000000000
5.07304116865870000 13652.74609375000000000 40631.26171875000000000
5.07746790615317000 13343.21484375000000000 39709.33984375000000000
5.08189464364763000 13033.08984375000000000 38790.69921875000000000
5.08632138114210000 12724.12109375000000000 37871.40234375000000000
5.09074811863657000 12412.49609375000000000 36944.63671875000000000
5.09517485613103000 12101.43359375000000000 36017.50000000000000000
5.09960159362550000 11791.18359375000000000 35095.74609375000000000
5.10402833111997000 11481.02734375000000000 34168.44921875000000000
5.10845506861443000 11171.30859375000000000 33252.15234375000000000
5.11288180610890000 10861.93359375000000000 32331.74609375000000000
5.11730854360337000 10552.43359375000000000 31415.68359375000000000
5.12173528109783000 10242.65234375000000000 30489.90234375000000000
5.12616201859230000 9933.68359375000000000 29574.94921875000000000
5.13058875608677000 9624.43359375000000000 28654.02734375000000000
5.13501549358123000 9313.93359375000000000 27738.99609375000000000
5.13944223107570000 9005.74609375000000000 26823.02734375000000000
5.14386896857017000 8696.87109375000000000 25904.98046875000000000
5.14829570606463000 8386.80859375000000000 24980.33984375000000000
5.15272244355910000 8074.99609375000000000 24057.90234375000000000
5.15714918105357000 7763.33984375000000000 23128.16796875000000000
5.16157591854803000 7453.08984375000000000 22209.27734375000000000
5.16600265604250000 7143.62109375000000000 21284.21484375000000000
5.17042939353697000 6834.08984375000000000 20369.30859375000000000
5.17485613103143000 6523.68359375000000000 19444.15234375000000000
5.17928286852590000 6214.33984375000000000 18522.55859375000000000
5.18370960602037000 5903.71484375000000000 17595.69921875000000000
5.18813634351483000 5594.33984375000000000 16683.90234375000000000
5.19256308100930000 5284.99609375000000000 15761.48046875000000000
5.19698981850376000 4975.99609375000000000 14844.21484375000000000
5.20141655599823000 4665.58984375000000000 13919.87109375000000000
5.20584329349270000 4356.77734375000000000 13010.83984375000000000
5.21027003098716000 4048.33984375000000000 12094.27734375000000000
5.21469676848163000 3738.77734375000000000 11173.24609375000000000
5.21912350597610000 3427.68359375000000000 10242.50000000000000000
5.22355024347057000 3116.77734375000000000 9325.05859375000000000
5.22797698096503000 2806.24609375000000000 8402.13671875000000000
5.23240371845950000 2496.43359375000000000 7484.58984375000000000
5.23683045595396000 2187.87109375000000000 6561.37109375000000000
5.24125719344843000 1878.65234375000000000 5640.74609375000000000
5.24568393094290000 1566.43359375000000000 4713.24609375000000000
5.25011066843736000 1255.65234375000000000 3790.77734375000000000
5.25453740593183000 944.83984375000000000 2867.99609375000000000
5.25896414342630000 636.50000000000000000 1948.58984375000000000
5.26339088092076000 329.83984375000000000 1039.96484375000000000
5.26781761841523000 88.91796875000000000 338.91796875000000000
5.27224435590970000 10.01171875000000000 99.35156250000000000
5.27667109340416000 13.00000000000000000 124.08984375000000000
5.28109783089863000 17.00000000000000000 126.54296875000000000
5.28552456839310000 9.49609375000000000 91.55078125000000000
5.28995130588756000 5.00000000000000000 77.70703125000000000
5.29437804338203000 5.00000000000000000 78.00000000000000000
5.29880478087650000 5.00000000000000000 77.00000000000000000
5.30323151837096000 5.00000000000000000 77.00000000000000000
5.30765825586543000 5.00000000000000000 77.00000000000000000
5.31208499335990000 5.00000000000000000 77.00000000000000000
5.31651173085436000 5.00000000000000000 77.00000000000000000
5.32093846834883000 5.00000000000000000 77.00000000000000000
5.32536520584330000 5.00000000000000000 77.00000000000000000
5.32979194333776000 5.00000000000000000 77.00000000000000000
5.33421868083223000 5.00000000000000000 77.00000000000000000
5.33864541832670000 5.00000000000000000 77.00000000000000000
5.34307215582116000 5.00000000000000000 77.00000000000000000
5.34749889331563000 5.00000000000000000 77.00000000000000000
5.35192563081010000 5.00000000000000000 77.00000000000000000
5.35635236830456000 5.00000000000000000 77.00000000000000000
5.36077910579903000 4.00000000000000000 77.00000000000000000
5.36520584329350000 4.00000000000000000 77.00000000000000000
5.36963258078796000 4.00000000000000000 77.00000000000000000
5.37405931828243000 4.00000000000000000 77.00000000000000000
5.37848605577689000 4.00000000000000000 77.00000000000000000
5.38291279327136000 4.00000000000000000 77.00000000000000000
5.38733953076583000 4.00000000000000000 77.00000000000000000
5.39176626826029000 4.00000000000000000 77.00000000000000000
5.39619300575476000 4.00000000000000000 77.00000000000000000
5.40061974324923000 4.00000000000000000 77.00000000000000000
5.40504648074369000 4.00000000000000000 77.00000000000000000
5.40947321823816000 4.00000000000000000 77.00000000000000000
5.41389995573263000 4.00000000000000000 77.00000000000000000
5.41832669322709000 4.00000000000000000 77.00000000000000000
5.42275343072156000 4.00000000000000000 77.00000000000000000
5.42718016821603000 4.00000000000000000 77.00000000000000000
5.43160690571049000 4.00000000000000000 77.00000000000000000
5.43603364320496000 4.00000000000000000 77.00000000000000000
5.44046038069943000 4.00000000000000000 77.00000000000000000
5.44488711819389000 4.00000000000000000 77.00000000000000000
5.44931385568836000 4.00000000000000000 77.00000000000000000
5.45374059318283000 4.00000000000000000 77.00000000000000000
5.45816733067729000 4.00000000000000000 77.00000000000000000
5.46259406817176000 4.00000000000000000 77.00000000000000000
5.46702080566623000 4.00000000000000000 77.00000000000000000
5.47144754316069000 4.00000000000000000 77.00000000000000000
5.47587428065516000 4.00000000000000000 77.00000000000000000
5.48030101814963000 4.00000000000000000 77.00000000000000000
5.48472775564409000 4.00000000000000000 77.00000000000000000
5.48915449313856000 4.00000000000000000 77.00000000000000000
5.49358123063303000 4.00000000000000000 77.00000000000000000
5.49800796812749000 4.00000000000000000 77.00000000000000000
5.50243470562196000 4.00000000000000000 76.48046875000000000
5.50686144311643000 4.00000000000000000 76.44921875000000000
5.51128818061089000 4.00000000000000000 76.41796875000000000
5.51571491810536000 4.00000000000000000 76.39062500000000000
5.52014165559983000 4.00000000000000000 76.35937500000000000
5.52456839309429000 4.00000000000000000 76.32812500000000000
5.52899513058876000 4.00000000000000000 76.29687500000000000
5.53342186808322000 4.00000000000000000 76.26562500000000000
5.53784860557769000 4.00000000000000000 76.23437500000000000
5.54227534307216000 4.00000000000000000 76.20312500000000000
5.54670208056663000 4.00000000000000000 76.17578125000000000
5.55112881806109000 4.00000000000000000 76.14453125000000000
5.55555555555556000 4.00000000000000000 76.11328125000000000
5.55998229305002000 4.00000000000000000 76.08203125000000000
5.56440903054449000 4.00000000000000000 76.05078125000000000
5.56883576803896000 4.00000000000000000 76.01953125000000000
5.57326250553342000 4.00000000000000000 75.98828125000000000
5.57768924302789000 4.00000000000000000 75.96093750000000000
5.58211598052236000 4.00000000000000000 75.92968750000000000
5.58654271801682000 4.00000000000000000 75.89843750000000000
5.59096945551129000 4.00000000000000000 75.86718750000000000
5.59539619300576000 4.00000000000000000 75.83593750000000000
5.59982293050022000 4.00000000000000000 75.80468750000000000
5.60424966799469000 4.00000000000000000 75.77734375000000000
5.60867640548916000 4.00000000000000000 75.47265625000000000
5.61310314298362000 4.00000000000000000 75.43359375000000000
5.61752988047809000 4.00000000000000000 75.39062500000000000
5.62195661797256000 4.00000000000000000 75.34765625000000000
5.62638335546702000 4.00000000000000000 75.30859375000000000
5.63081009296149000 4.00000000000000000 75.26562500000000000
5.63523683045596000 4.00000000000000000 75.22265625000000000
5.63966356795042000 4.00000000000000000 75.18359375000000000
5.64409030544489000 4.00000000000000000 75.14062500000000000
5.64851704293936000 4.00000000000000000 75.09765625000000000
5.65294378043382000 4.00000000000000000 75.05859375000000000
5.65737051792829000 4.00000000000000000 75.01562500000000000
5.66179725542276000 4.00000000000000000 74.43359375000000000
5.66622399291722000 4.00000000000000000 74.34765625000000000
5.67065073041169000 4.00000000000000000 74.26171875000000000
5.67507746790616000 4.00000000000000000 74.17578125000000000
5.67950420540062000 4.00000000000000000 75.00000000000000000
5.68393094289509000 3.00000000000000000 74.00000000000000000
5.68835768038956000 3.00000000000000000 74.00000000000000000
5.69278441788402000 3.00000000000000000 74.00000000000000000
5.69721115537849000 3.00000000000000000 74.00000000000000000
5.70163789287296000 3.00000000000000000 74.00000000000000000
5.70606463036742000 3.00000000000000000 74.00000000000000000
5.71049136786189000 3.00000000000000000 73.40625000000000000
5.71491810535635000 3.00000000000000000 73.24609375000000000
5.71934484285082000 3.00000000000000000 73.08984375000000000
5.72377158034529000 3.00000000000000000 72.93359375000000000
5.72819831783975000 3.00000000000000000 72.77343750000000000
5.73262505533422000 3.00000000000000000 72.61718750000000000
5.73705179282869000 3.00000000000000000 72.50000000000000000
5.74147853032315000 3.00000000000000000 72.50000000000000000
5.74590526781762000 3.00000000000000000 72.50000000000000000
5.75033200531209000 3.00000000000000000 72.50000000000000000
5.75475874280655000 3.00000000000000000 72.50000000000000000
5.75918548030102000 3.00000000000000000 72.50000000000000000
5.76361221779549000 3.00000000000000000 72.50000000000000000
5.76803895528995000 3.00000000000000000 72.50000000000000000
5.77246569278442000 3.00000000000000000 72.50000000000000000
5.77689243027889000 3.00000000000000000 72.50000000000000000
5.78131916777335000 3.00000000000000000 72.50000000000000000
5.78574590526782000 3.00000000000000000 72.47656250000000000
5.79017264276229000 3.00000000000000000 72.41796875000000000
5.79459938025675000 3.00000000000000000 72.35937500000000000
5.79902611775122000 3.00000000000000000 72.30468750000000000
5.80345285524569000 3.00000000000000000 72.24609375000000000
5.80787959274015000 3.00000000000000000 72.18750000000000000
5.81230633023462000 3.00000000000000000 72.12890625000000000
5.81673306772909000 3.00000000000000000 72.07031250000000000
5.82115980522355000 3.00000000000000000 72.01171875000000000
5.82558654271802000 3.00000000000000000 71.95312500000000000
5.83001328021249000 3.00000000000000000 71.89453125000000000
5.83444001770695000 3.00000000000000000 71.83984375000000000
5.83886675520142000 3.00000000000000000 71.43750000000000000
5.84329349269589000 3.00000000000000000 72.00000000000000000
5.84772023019035000 2.00000000000000000 71.00000000000000000
5.85214696768482000 2.00000000000000000 71.00000000000000000
5.85657370517929000 2.00000000000000000 71.00000000000000000
5.86100044267375000 2.00000000000000000 71.00000000000000000
5.86542718016822000 2.00000000000000000 71.00000000000000000
5.86985391766268000 2.00000000000000000 71.00000000000000000
5.87428065515715000 2.00000000000000000 71.00000000000000000
5.87870739265162000 2.00000000000000000 71.00000000000000000
5.88313413014609000 2.00000000000000000 71.00000000000000000
5.88756086764055000 2.00000000000000000 71.00000000000000000
5.89198760513502000 2.00000000000000000 71.00000000000000000
5.89641434262948000 2.00000000000000000 71.00000000000000000
5.90084108012395000 2.00000000000000000 71.00000000000000000
5.90526781761842000 2.00000000000000000 71.00000000000000000
5.90969455511288000 2.00000000000000000 71.00000000000000000
5.91412129260735000 2.00000000000000000 71.00000000000000000
5.91854803010182000 2.00000000000000000 71.00000000000000000
5.92297476759628000 2.00000000000000000 71.00000000000000000