Time (sec)  Motor[1] Act Position  Motor[6] Act Position
0.00000000000000000 0.00000000000000000 0.00000000000000000
0.00442673749446658 0.00000000000000000 0.00000000000000000
0.00885347498893316 0.00000000000000000 0.00000000000000000
0.01328021248339970 0.00000000000000000 0.00000000000000000
0.01770694997786630 0.00000000000000000 0.00000000000000000
0.02213368747233290 0.00000000000000000 0.00000000000000000
0.02656042496679950 0.00000000000000000 0.00000000000000000
0.03098716246126610 0.00000000000000000 0.00000000000000000
0.03541389995573260 0.00000000000000000 0.00000000000000000
0.03984063745019920 0.00000000000000000 0.00000000000000000
0.04426737494466580 0.00000000000000000 0.00000000000000000
0.04869411243913240 0.00000000000000000 0.00000000000000000
0.05312084993359900 0.00000000000000000 0.00000000000000000
0.05754758742806550 0.00000000000000000 0.00000000000000000
0.06197432492253210 0.00000000000000000 0.00000000000000000
0.06640106241699870 0.00000000000000000 0.00000000000000000
0.07082779991146530 0.00000000000000000 0.00000000000000000
0.07525453740593190 0.00000000000000000 0.00000000000000000
0.07968127490039840 0.00000000000000000 0.00000000000000000
0.08410801239486500 0.00000000000000000 0.00000000000000000
0.08853474988933160 0.00000000000000000 0.00000000000000000
0.09296148738379820 0.00000000000000000 0.00000000000000000
0.09738822487826480 0.00000000000000000 0.00000000000000000
0.10181496237273100 0.00000000000000000 0.00000000000000000
0.10624169986719800 0.00000000000000000 0.00000000000000000
0.11066843736166400 0.00000000000000000 0.00000000000000000
0.11509517485613100 0.00000000000000000 0.00000000000000000
0.11952191235059800 0.00000000000000000 0.00000000000000000
0.12394864984506400 0.00000000000000000 0.00000000000000000
0.12837538733953100 0.00000000000000000 0.00000000000000000
0.13280212483399700 0.00000000000000000 0.00000000000000000
0.13722886232846400 0.00000000000000000 0.00000000000000000
0.14165559982293100 0.00000000000000000 0.00000000000000000
0.14608233731739700 0.00000000000000000 0.00000000000000000
0.15050907481186400 0.00000000000000000 0.00000000000000000
0.15493581230633000 0.00000000000000000 0.00000000000000000
0.15936254980079700 0.00000000000000000 0.00000000000000000
0.16378928729526300 0.00000000000000000 0.00000000000000000
0.16821602478973000 0.00000000000000000 0.00000000000000000
0.17264276228419700 0.00000000000000000 0.00000000000000000
0.17706949977866300 0.00000000000000000 0.00000000000000000
0.18149623727313000 0.00000000000000000 0.00000000000000000
0.18592297476759600 0.00000000000000000 0.00000000000000000
0.19034971226206300 0.00000000000000000 0.00000000000000000
0.19477644975653000 0.00000000000000000 0.00000000000000000
0.19920318725099600 0.00000000000000000 0.00000000000000000
0.20362992474546300 0.00000000000000000 0.00000000000000000
0.20805666223992900 0.00000000000000000 0.00000000000000000
0.21248339973439600 0.00000000000000000 0.00000000000000000
0.21691013722886200 0.00000000000000000 0.00000000000000000
0.22133687472332900 0.00000000000000000 0.00000000000000000
0.22576361221779600 0.00000000000000000 0.00000000000000000
0.23019034971226200 0.00000000000000000 0.00000000000000000
0.23461708720672900 0.00000000000000000 0.00000000000000000
0.23904382470119500 0.00000000000000000 0.00000000000000000
0.24347056219566200 0.00000000000000000 0.00000000000000000
0.24789729969012800 0.00000000000000000 0.00000000000000000
0.25232403718459500 0.00000000000000000 0.00000000000000000
0.25675077467906200 0.00000000000000000 0.00000000000000000
0.26117751217352800 0.00000000000000000 0.00000000000000000
0.26560424966799500 0.00000000000000000 0.00000000000000000
0.27003098716246100 0.00000000000000000 0.00000000000000000
0.27445772465692800 0.00000000000000000 0.00000000000000000
0.27888446215139500 0.00000000000000000 0.00000000000000000
0.28331119964586100 0.00000000000000000 0.00000000000000000
0.28773793714032800 0.00000000000000000 0.00000000000000000
0.29216467463479400 0.00000000000000000 0.00000000000000000
0.29659141212926100 0.00000000000000000 0.00000000000000000
0.30101814962372700 0.00000000000000000 0.00000000000000000
0.30544488711819400 0.00000000000000000 0.00000000000000000
0.30987162461266100 0.00000000000000000 0.00000000000000000
0.31429836210712700 0.00000000000000000 0.00000000000000000
0.31872509960159400 0.00000000000000000 0.00000000000000000
0.32315183709606000 0.00000000000000000 0.00000000000000000
0.32757857459052700 0.00000000000000000 0.00000000000000000
0.33200531208499400 0.00000000000000000 0.00000000000000000
0.33643204957946000 0.00000000000000000 0.00000000000000000
0.34085878707392700 0.00000000000000000 0.00000000000000000
0.34528552456839300 0.00000000000000000 0.00000000000000000
0.34971226206286000 0.00000000000000000 0.00000000000000000
0.35413899955732600 0.00000000000000000 0.00000000000000000
0.35856573705179300 0.00000000000000000 0.00000000000000000
0.36299247454626000 0.00000000000000000 0.00000000000000000
0.36741921204072600 0.00000000000000000 0.00000000000000000
0.37184594953519300 0.00000000000000000 0.00000000000000000
0.37627268702965900 0.00000000000000000 0.00000000000000000
0.38069942452412600 0.00000000000000000 0.00000000000000000
0.38512616201859200 0.00000000000000000 0.00000000000000000
0.38955289951305900 0.00000000000000000 0.00000000000000000
0.39397963700752600 0.00000000000000000 0.00000000000000000
0.39840637450199200 0.00000000000000000 0.00000000000000000
0.40283311199645900 0.00000000000000000 0.00000000000000000
0.40725984949092500 0.00000000000000000 0.00000000000000000
0.41168658698539200 0.00000000000000000 0.00000000000000000
0.41611332447985900 0.00000000000000000 0.00000000000000000
0.42054006197432500 0.00000000000000000 0.00000000000000000
0.42496679946879200 0.00000000000000000 0.00000000000000000
0.42939353696325800 0.00000000000000000 0.00000000000000000
0.43382027445772500 0.00000000000000000 0.00000000000000000
0.43824701195219100 0.00000000000000000 0.00000000000000000
0.44267374944665800 0.00000000000000000 0.00000000000000000
0.44710048694112500 0.00000000000000000 0.00000000000000000
0.45152722443559100 0.00000000000000000 0.00000000000000000
0.45595396193005800 0.00000000000000000 0.00000000000000000
0.46038069942452400 0.00000000000000000 0.00000000000000000
0.46480743691899100 0.00000000000000000 0.00000000000000000
0.46923417441345700 0.00000000000000000 0.00000000000000000
0.47366091190792400 0.00000000000000000 0.00000000000000000
0.47808764940239100 0.00000000000000000 0.00000000000000000
0.48251438689685700 0.00000000000000000 0.00000000000000000
0.48694112439132400 0.00000000000000000 0.00000000000000000
0.49136786188579000 0.00000000000000000 0.00000000000000000
0.49579459938025700 0.00000000000000000 0.00000000000000000
0.50022133687472400 0.00000000000000000 0.00000000000000000
0.50464807436919000 0.00000000000000000 0.00000000000000000
0.50907481186365700 0.00000000000000000 0.00000000000000000
0.51350154935812300 0.00000000000000000 0.00000000000000000
0.51792828685259000 0.00000000000000000 0.00000000000000000
0.52235502434705600 0.00000000000000000 0.00000000000000000
0.52678176184152300 0.00000000000000000 0.00000000000000000
0.53120849933599000 0.00000000000000000 0.00000000000000000
0.53563523683045600 0.00000000000000000 0.00000000000000000
0.54006197432492300 0.00000000000000000 0.00000000000000000
0.54448871181938900 0.00000000000000000 0.00000000000000000
0.54891544931385600 0.00000000000000000 0.00000000000000000
0.55334218680832200 0.00000000000000000 0.00000000000000000
0.55776892430278900 0.00000000000000000 0.00000000000000000
0.56219566179725600 0.00000000000000000 0.00000000000000000
0.56662239929172200 0.00000000000000000 0.00000000000000000
0.57104913678618900 0.00000000000000000 0.00000000000000000
0.57547587428065500 0.00000000000000000 0.00000000000000000
0.57990261177512200 0.00000000000000000 0.00000000000000000
0.58432934926958900 0.00000000000000000 0.00000000000000000
0.58875608676405500 0.00000000000000000 0.00000000000000000
0.59318282425852200 0.00000000000000000 0.00000000000000000
0.59760956175298800 0.00000000000000000 0.00000000000000000
0.60203629924745500 0.00000000000000000 0.00000000000000000
0.60646303674192100 0.00000000000000000 0.00000000000000000
0.61088977423638800 0.00000000000000000 0.00000000000000000
0.61531651173085500 0.00000000000000000 0.00000000000000000
0.61974324922532100 0.00000000000000000 0.00000000000000000
0.62416998671978800 0.00000000000000000 0.00000000000000000
0.62859672421425400 0.00000000000000000 0.00000000000000000
0.63302346170872100 0.00000000000000000 0.00000000000000000
0.63745019920318700 0.00000000000000000 0.00000000000000000
0.64187693669765400 0.00000000000000000 0.00000000000000000
0.64630367419212100 0.00000000000000000 0.00000000000000000
0.65073041168658700 0.00000000000000000 0.00000000000000000
0.65515714918105400 0.00000000000000000 0.00000000000000000
0.65958388667552000 0.00000000000000000 0.00000000000000000
0.66401062416998700 0.00000000000000000 0.00000000000000000
0.66843736166445400 0.00000000000000000 0.00000000000000000
0.67286409915892000 0.00000000000000000 0.00000000000000000
0.67729083665338700 0.00000000000000000 0.00000000000000000
0.68171757414785300 0.00000000000000000 0.00000000000000000
0.68614431164232000 0.00000000000000000 0.00000000000000000
0.69057104913678600 0.00000000000000000 0.00000000000000000
0.69499778663125300 0.00000000000000000 0.00000000000000000
0.69942452412572000 0.00000000000000000 0.00000000000000000
0.70385126162018600 0.00000000000000000 0.00000000000000000
0.70827799911465300 0.00000000000000000 0.00000000000000000
0.71270473660911900 0.00000000000000000 0.00000000000000000
0.71713147410358600 0.00000000000000000 0.00000000000000000
0.72155821159805300 0.00000000000000000 0.00000000000000000
0.72598494909251900 0.00000000000000000 0.00000000000000000
0.73041168658698600 0.00000000000000000 0.00000000000000000
0.73483842408145200 0.00000000000000000 0.00000000000000000
0.73926516157591900 0.00000000000000000 0.00000000000000000
0.74369189907038500 0.00000000000000000 0.00000000000000000
0.74811863656485200 0.00000000000000000 0.00000000000000000
0.75254537405931900 0.00000000000000000 0.00000000000000000
0.75697211155378500 0.00000000000000000 0.00000000000000000
0.76139884904825200 0.00000000000000000 0.00000000000000000
0.76582558654271800 0.00000000000000000 0.00000000000000000
0.77025232403718500 0.00000000000000000 0.00000000000000000
0.77467906153165100 0.00000000000000000 0.00000000000000000
0.77910579902611800 0.00000000000000000 0.00000000000000000
0.78353253652058500 0.00000000000000000 0.00000000000000000
0.78795927401505100 0.00000000000000000 0.00000000000000000
0.79238601150951800 0.00000000000000000 0.00000000000000000
0.79681274900398400 0.00000000000000000 0.00000000000000000
0.80123948649845100 0.00000000000000000 0.00000000000000000
0.80566622399291800 0.00000000000000000 0.00000000000000000
0.81009296148738400 0.00000000000000000 0.00000000000000000
0.81451969898185100 0.00000000000000000 0.00000000000000000
0.81894643647631700 0.00000000000000000 0.00000000000000000
0.82337317397078400 0.00000000000000000 0.00000000000000000
0.82779991146525000 0.00000000000000000 0.00000000000000000
0.83222664895971700 0.00000000000000000 0.00000000000000000
0.83665338645418400 0.00000000000000000 0.00000000000000000
0.84108012394865000 0.00000000000000000 0.00000000000000000
0.84550686144311700 0.00000000000000000 0.00000000000000000
0.84993359893758300 0.00000000000000000 0.00000000000000000
0.85436033643205000 0.00000000000000000 0.00000000000000000
0.85878707392651600 0.00000000000000000 0.00000000000000000
0.86321381142098300 0.00000000000000000 0.00000000000000000
0.86764054891545000 0.00000000000000000 0.00000000000000000
0.87206728640991600 0.00000000000000000 0.00000000000000000
0.87649402390438300 0.00000000000000000 0.00000000000000000
0.88092076139884900 0.00000000000000000 0.00000000000000000
0.88534749889331600 0.00000000000000000 0.00000000000000000
0.88977423638778300 0.00000000000000000 0.00000000000000000
0.89420097388224900 0.00000000000000000 0.00000000000000000
0.89862771137671600 0.00000000000000000 0.00000000000000000
0.90305444887118200 0.00000000000000000 0.00000000000000000
0.90748118636564900 0.00000000000000000 0.00000000000000000
0.91190792386011600 0.00000000000000000 0.00000000000000000
0.91633466135458200 0.00000000000000000 0.00000000000000000
0.92076139884904900 0.00000000000000000 0.00000000000000000
0.92518813634351500 0.00000000000000000 0.00000000000000000
0.92961487383798200 0.00000000000000000 0.00000000000000000
0.93404161133244800 0.00000000000000000 0.00000000000000000
0.93846834882691500 0.00000000000000000 0.00000000000000000
0.94289508632138200 0.00000000000000000 0.00000000000000000
0.94732182381584800 0.00000000000000000 0.00000000000000000
0.95174856131031500 0.00000000000000000 0.00000000000000000
0.95617529880478100 0.00000000000000000 0.00000000000000000
0.96060203629924800 0.00000000000000000 0.00000000000000000
0.96502877379371500 0.00000000000000000 0.00000000000000000
0.96945551128818100 0.00000000000000000 0.00000000000000000
0.97388224878264800 0.00000000000000000 0.00000000000000000
0.97830898627711400 0.00000000000000000 0.00000000000000000
0.98273572377158100 0.00000000000000000 0.00000000000000000
0.98716246126604700 0.00000000000000000 0.00000000000000000
0.99158919876051400 0.00000000000000000 0.00000000000000000
0.99601593625498100 0.00000000000000000 0.00000000000000000
1.00044267374945000 0.00000000000000000 0.00000000000000000
1.00486941124391000 0.00000000000000000 0.00000000000000000
1.00929614873838000 0.00000000000000000 0.00000000000000000
1.01372288623285000 0.00000000000000000 0.00000000000000000
1.01814962372731000 0.00000000000000000 0.00000000000000000
1.02257636122178000 0.00000000000000000 0.00000000000000000
1.02700309871625000 0.00000000000000000 0.00000000000000000
1.03142983621071000 0.00000000000000000 0.00000000000000000
1.03585657370518000 0.00000000000000000 0.00000000000000000
1.04028331119965000 0.00000000000000000 0.00000000000000000
1.04471004869411000 0.00000000000000000 0.00000000000000000
1.04913678618858000 0.00000000000000000 0.00000000000000000
1.05356352368305000 0.00000000000000000 0.00000000000000000
1.05799026117751000 0.00000000000000000 0.00000000000000000
1.06241699867198000 0.00000000000000000 0.00000000000000000
1.06684373616645000 0.00000000000000000 0.00000000000000000
1.07127047366091000 0.00000000000000000 0.00000000000000000
1.07569721115538000 0.00000000000000000 0.00000000000000000
1.08012394864985000 0.00000000000000000 0.00000000000000000
1.08455068614431000 0.00000000000000000 0.00000000000000000
1.08897742363878000 0.00000000000000000 0.00000000000000000
1.09340416113325000 2.00000000000000000 7.34375000000000000
1.09783089862771000 63.21875000000000000 197.98437500000000000
1.10225763612218000 276.90625000000000000 829.68750000000000000
1.10668437361664000 594.78125000000000000 1770.10937500000000000
1.11111111111111000 911.90625000000000000 2716.65625000000000000
1.11553784860558000 1216.87500000000000000 3626.81250000000000000
1.11996458610004000 1520.78125000000000000 4531.59375000000000000
1.12439132359451000 1827.09375000000000000 5435.35937500000000000
1.12881806108898000 2135.56250000000000000 6352.87500000000000000
1.13324479858344000 2444.06250000000000000 7272.18750000000000000
1.13767153607791000 2753.53125000000000000 8184.65625000000000000
1.14209827357238000 3063.65625000000000000 9107.12500000000000000
1.14652501106684000 3375.68750000000000000 10034.06250000000000000
1.15095174856131000 3687.71875000000000000 10960.53125000000000000
1.15537848605578000 3998.78125000000000000 11891.49609375000000000
1.15980522355024000 4309.56250000000000000 12804.31250000000000000
1.16423196104471000 4618.28125000000000000 13727.28125000000000000
1.16865869853918000 4927.56250000000000000 14645.21875000000000000
1.17308543603364000 5237.56250000000000000 15575.60937500000000000
1.17751217352811000 5547.68750000000000000 16494.15625000000000000
1.18193891102258000 5857.40625000000000000 17416.34375000000000000
1.18636564851704000 6165.46875000000000000 18331.62500000000000000
1.19079238601151000 6475.06250000000000000 19256.56250000000000000
1.19521912350598000 6783.40625000000000000 20170.78125000000000000
1.19964586100044000 7093.68750000000000000 21095.00000000000000000
1.20407259849491000 7402.34375000000000000 22002.34375000000000000
1.20849933598938000 7711.40625000000000000 22924.31250000000000000
1.21292607348384000 8022.28125000000000000 23847.17187500000000000
1.21735281097831000 8333.50000000000000000 24775.65625000000000000
1.22177954847278000 8645.25000000000000000 25696.37500000000000000
1.22620628596724000 8955.96875000000000000 26619.62500000000000000
1.23063302346171000 9265.25000000000000000 27538.12500000000000000
1.23505976095618000 9575.09375000000000000 28464.12500000000000000
1.23948649845064000 9886.12500000000000000 29385.03125000000000000
1.24391323594511000 10196.12500000000000000 30306.62500000000000000
1.24833997343958000 10505.28125000000000000 31226.00000000000000000
1.25276671093404000 10813.65625000000000000 32147.42187500000000000
1.25719344842851000 11124.31250000000000000 33070.14062500000000000
1.26162018592298000 11433.09375000000000000 33989.49609375000000000
1.26604692341744000 11742.59375000000000000 34909.18750000000000000
1.27047366091191000 12051.00000000000000000 35828.00000000000000000
1.27490039840637000 12361.15625000000000000 36746.43750000000000000
1.27932713590084000 12671.37500000000000000 37665.18750000000000000
1.28375387339531000 12980.93750000000000000 38582.12500000000000000
1.28818061088977000 13291.21875000000000000 39506.73437500000000000
1.29260734838424000 13601.78125000000000000 40430.75000000000000000
1.29703408587871000 13912.68750000000000000 41352.68750000000000000
1.30146082337317000 14223.78125000000000000 42277.87500000000000000
1.30588756086764000 14534.15625000000000000 43198.28125000000000000
1.31031429836211000 14843.87500000000000000 44121.37500000000000000
1.31474103585657000 15152.53125000000000000 45036.85937500000000000
1.31916777335104000 15462.53125000000000000 45962.49609375000000000
1.32359451084551000 15772.87500000000000000 46884.43750000000000000
1.32802124833997000 16082.75000000000000000 47812.34375000000000000
1.33244798583444000 16391.40625000000000000 48726.93750000000000000
1.33687472332891000 16700.71875000000000000 49646.90625000000000000
1.34130146082337000 17010.12500000000000000 50561.59375000000000000
1.34572819831784000 17319.03125000000000000 51486.25000000000000000
1.35015493581231000 17627.65625000000000000 52396.89062500000000000
1.35458167330677000 17937.06250000000000000 53312.59375000000000000
1.35900841080124000 18247.31250000000000000 54234.60937500000000000
1.36343514829571000 18559.65625000000000000 55168.50000000000000000
1.36786188579017000 18870.65625000000000000 56092.84375000000000000
1.37228862328464000 19182.00000000000000000 57014.43750000000000000
1.37671536077911000 19491.06250000000000000 57924.76562500000000000
1.38114209827357000 19800.00000000000000000 58852.64062500000000000
1.38556883576804000 20110.18750000000000000 59775.25000000000000000
1.38999557326251000 20420.78125000000000000 60702.78125000000000000
1.39442231075697000 20730.93750000000000000 61616.03125000000000000
1.39884904825144000 21039.40625000000000000 62540.49609375000000000
1.40327578574591000 21349.21875000000000000 63461.43750000000000000
1.40770252324037000 21658.28125000000000000 64383.15625000000000000
1.41212926073484000 21968.09375000000000000 65296.21875000000000000
1.41655599822931000 22277.06250000000000000 66212.31250000000000000
1.42098273572377000 22585.18750000000000000 67126.59375000000000000
1.42540947321824000 22896.15625000000000000 68055.84375000000000000
1.42983621071271000 23207.03125000000000000 68974.40625000000000000
1.43426294820717000 23518.03125000000000000 69901.28125000000000000
1.43868968570164000 23829.03125000000000000 70821.00000000000000000
1.44311642319611000 24138.43750000000000000 71743.00000000000000000
1.44754316069057000 24448.40625000000000000 72664.90625000000000000
1.45196989818504000 24758.53125000000000000 73586.73437500000000000
1.45639663567950000 25069.15625000000000000 74509.81250000000000000
1.46082337317397000 25378.49609375000000000 75431.43750000000000000
1.46525011066844000 25687.50000000000000000 76352.71875000000000000
1.46967684816290000 25997.12500000000000000 77271.71875000000000000
1.47410358565737000 26306.96875000000000000 78194.56250000000000000
1.47853032315184000 26616.49609375000000000 79115.96875000000000000
1.48295706064630000 26926.68750000000000000 80038.03125000000000000
1.48738379814077000 27235.40625000000000000 80951.98437500000000000
1.49181053563524000 27545.00000000000000000 81872.31250000000000000
1.49623727312970000 27854.12500000000000000 82789.06250000000000000
1.50066401062417000 28163.96875000000000000 83701.96875000000000000
1.50509074811864000 28474.00000000000000000 84628.53125000000000000
1.50951748561310000 28785.12500000000000000 85552.53125000000000000
1.51394422310757000 29096.43750000000000000 86477.70312500000000000
1.51837096060204000 29407.46875000000000000 87405.28125000000000000
1.52279769809650000 29717.09375000000000000 88320.21875000000000000
1.52722443559097000 30026.00000000000000000 89239.87500000000000000
1.53165117308544000 30335.40625000000000000 90161.65625000000000000
1.53607791057990000 30645.87500000000000000 91091.06250000000000000
1.54050464807437000 30955.90625000000000000 92009.59375000000000000
1.54493138556884000 31264.50000000000000000 92932.95312500000000000
1.54935812306330000 31574.25000000000000000 93851.78125000000000000
1.55378486055777000 31883.81250000000000000 94771.49609375000000000
1.55821159805224000 32192.68750000000000000 95682.96875000000000000
1.56263833554670000 32501.34375000000000000 96607.00000000000000000
1.56706507304117000 32811.49609375000000000 97516.82812500000000000
1.57149181053564000 33121.43750000000000000 98440.28125000000000000
1.57591854803010000 33432.68750000000000000 99364.82812500000000000
1.58034528552457000 33743.25000000000000000 100295.07812500000000000
1.58477202301904000 34054.96875000000000000 101209.51562500000000000
1.58919876051350000 34364.53125000000000000 102131.57812500000000000
1.59362549800797000 34673.56250000000000000 103048.96875000000000000
1.59805223550244000 34983.37500000000000000 103979.60937500000000000
1.60247897299690000 35294.12500000000000000 104900.62500000000000000
1.60690571049137000 35604.40625000000000000 105825.18750000000000000
1.61133244798584000 35913.40625000000000000 106739.56250000000000000
1.61575918548030000 36222.81250000000000000 107662.49609375000000000
1.62018592297477000 36532.25000000000000000 108584.56250000000000000
1.62461266046923000 36841.34375000000000000 109503.96875000000000000
1.62903939796370000 37151.09375000000000000 110414.06250000000000000
1.63346613545817000 37459.12500000000000000 111336.65625000000000000
1.63789287295263000 37769.00000000000000000 112256.12500000000000000
1.64231961044710000 38080.15625000000000000 113180.49609375000000000
1.64674634794157000 38391.21875000000000000 114100.21875000000000000
1.65117308543603000 38701.56250000000000000 115024.01562500000000000
1.65559982293050000 39011.31250000000000000 115946.65625000000000000
1.66002656042497000 39321.90625000000000000 116868.23437500000000000
1.66445329791943000 39632.03125000000000000 117789.50000000000000000
1.66888003541390000 39942.53125000000000000 118710.15625000000000000
1.67330677290837000 40251.71875000000000000 119631.84375000000000000
1.67773351040283000 40560.71875000000000000 120554.04687500000000000
1.68216024789730000 40871.03125000000000000 121476.31250000000000000
1.68658698539177000 41180.71875000000000000 122394.54687500000000000
1.69101372288623000 41489.90625000000000000 123323.25000000000000000
1.69544046038070000 41800.31250000000000000 124239.53125000000000000
1.69986719787517000 42109.46875000000000000 125156.53125000000000000
1.70429393536963000 42418.71875000000000000 126070.90625000000000000
1.70872067286410000 42727.21875000000000000 126990.21875000000000000
1.71314741035857000 43036.31250000000000000 127907.53125000000000000
1.71757414785303000 43346.71875000000000000 128822.18750000000000000
1.72200088534750000 43657.71875000000000000 129749.70312500000000000
1.72642762284197000 43969.62500000000000000 130681.53125000000000000
1.73085436033643000 44280.40625000000000000 131604.09375000000000000
1.73528109783090000 44590.65625000000000000 132525.53125000000000000
1.73970783532537000 44899.34375000000000000 133438.45312500000000000
1.74413457281983000 45208.75000000000000000 134366.18750000000000000
1.74856131031430000 45519.28125000000000000 135289.57812500000000000
1.75298804780877000 45829.37500000000000000 136215.00000000000000000
1.75741478530323000 46138.62500000000000000 137129.93750000000000000
1.76184152279770000 46447.56250000000000000 138053.48437500000000000
1.76626826029217000 46757.65625000000000000 138970.25000000000000000
1.77069499778663000 47067.06250000000000000 139894.49609375000000000
1.77512173528110000 47376.25000000000000000 140803.50000000000000000
1.77954847277557000 47685.09375000000000000 141721.62500000000000000
1.78397521027003000 47994.75000000000000000 142638.60937500000000000
1.78840194776450000 48305.68750000000000000 143569.12500000000000000
1.79282868525896000 48616.50000000000000000 144489.49609375000000000
1.79725542275343000 48928.25000000000000000 145415.53125000000000000
1.80168216024790000 49237.75000000000000000 146329.92187500000000000
1.80610889774236000 49546.62500000000000000 147255.68750000000000000
1.81053563523683000 49856.62500000000000000 148175.87500000000000000
1.81496237273130000 50167.68750000000000000 149104.84375000000000000
1.81938911022576000 50478.06250000000000000 150023.18750000000000000
1.82381584772023000 50787.21875000000000000 150945.09375000000000000
1.82824258521470000 51096.09375000000000000 151867.09375000000000000
1.83266932270916000 51406.03125000000000000 152785.73437500000000000
1.83709606020363000 51715.21875000000000000 153705.21875000000000000
1.84152279769810000 52024.78125000000000000 154623.40625000000000000
1.84594953519256000 52333.40625000000000000 155538.09375000000000000
1.85037627268703000 52643.50000000000000000 156461.85937500000000000
1.85480301018150000 52954.15625000000000000 157379.59375000000000000
1.85922974767596000 53264.50000000000000000 158304.04687500000000000
1.86365648517043000 53575.31250000000000000 159225.43750000000000000
1.86808322266490000 53885.03125000000000000 160146.70312500000000000
1.87250996015936000 54195.21875000000000000 161069.53125000000000000
1.87693669765383000 54505.68750000000000000 161990.15625000000000000
1.88136343514830000 54816.06250000000000000 162911.53125000000000000
1.88579017264276000 55125.06250000000000000 163832.43750000000000000
1.89021691013723000 55434.53125000000000000 164755.78125000000000000
1.89464364763170000 55744.62500000000000000 165677.43750000000000000
1.89907038512616000 56054.81250000000000000 166602.15625000000000000
1.90349712262063000 56364.03125000000000000 167522.75000000000000000
1.90792386011510000 56674.15625000000000000 168448.90625000000000000
1.91235059760956000 56983.53125000000000000 169359.32812500000000000
1.91677733510403000 57292.40625000000000000 170277.93750000000000000
1.92120407259850000 57600.84375000000000000 171194.78125000000000000
1.92563081009296000 57909.71875000000000000 172109.90625000000000000
1.93005754758743000 58218.90625000000000000 173027.64062500000000000
1.93448428508190000 58530.71875000000000000 173952.59375000000000000
1.93891102257636000 58843.00000000000000000 174880.98437500000000000
1.94333776007083000 59154.28125000000000000 175812.70312500000000000
1.94776449756530000 59464.25000000000000000 176726.46875000000000000
1.95219123505976000 59773.12500000000000000 177645.87500000000000000
1.95661797255423000 60082.34375000000000000 178565.56250000000000000
1.96104471004869000 60392.78125000000000000 179498.17187500000000000
1.96547144754316000 60703.46875000000000000 180419.25000000000000000
1.96989818503763000 61012.90625000000000000 181338.49609375000000000
1.97432492253209000 61321.53125000000000000 182253.96875000000000000
1.97875166002656000 61632.00000000000000000 183180.59375000000000000
1.98317839752103000 61941.00000000000000000 184098.37500000000000000
1.98760513501549000 62250.71875000000000000 185016.64062500000000000
1.99203187250996000 62559.46875000000000000 185923.23437500000000000
1.99645861000443000 62868.65625000000000000 186848.12500000000000000
2.00088534749889000 63179.40625000000000000 187767.93750000000000000
2.00531208499336000 63490.21875000000000000 188696.75000000000000000
2.00973882248783000 63802.12500000000000000 189614.43750000000000000
2.01416555998229000 64112.09375000000000000 190538.10937500000000000
2.01859229747676000 64420.84375000000000000 191455.75000000000000000
2.02301903497123000 64730.50000000000000000 192383.00000000000000000
2.02744577246569000 65041.15625000000000000 193303.43750000000000000
2.03187250996016000 65351.71875000000000000 194226.00000000000000000
2.03629924745463000 65661.43750000000000000 195146.28125000000000000
2.04072598494909000 65970.03125000000000000 196070.10937500000000000
2.04515272244356000 66280.09375000000000000 196989.49609375000000000
2.04957945993803000 66588.78125000000000000 197908.95312500000000000
2.05400619743249000 66899.31250000000000000 198830.12500000000000000
2.05843293492696000 67208.34375000000000000 199746.68750000000000000
2.06285967242143000 67517.62500000000000000 200664.75000000000000000
2.06728640991589000 67828.06250000000000000 201583.90625000000000000
2.07171314741036000 68138.15625000000000000 202505.49609375000000000
2.07613988490483000 68448.68750000000000000 203429.18750000000000000
2.08056662239929000 68758.50000000000000000 204349.56250000000000000
2.08499335989376000 69068.90625000000000000 205270.01562500000000000
2.08942009738823000 69379.62500000000000000 206193.81250000000000000
2.09384683488269000 69689.65625000000000000 207115.01562500000000000
2.09827357237716000 69999.43750000000000000 208038.50000000000000000
2.10270030987163000 70308.40625000000000000 208956.12500000000000000
2.10712704736609000 70618.40625000000000000 209886.21875000000000000
2.11155378486056000 70929.00000000000000000 210802.62500000000000000
2.11598052235503000 71238.15625000000000000 211724.84375000000000000
2.12040725984949000 71547.49609375000000000 212643.68750000000000000
2.12483399734396000 71857.03125000000000000 213562.96875000000000000
2.12926073483843000 72166.28125000000000000 214477.96875000000000000
2.13368747233289000 72474.81250000000000000 215398.87500000000000000
2.13811420982736000 72783.28125000000000000 216311.03125000000000000
2.14254094732182000 73093.40625000000000000 217226.81250000000000000
2.14696768481629000 73404.40625000000000000 218152.59375000000000000
2.15139442231076000 73716.18750000000000000 219084.40625000000000000
2.15582115980522000 74027.62500000000000000 220008.28125000000000000
2.16024789729969000 74338.34375000000000000 220931.18750000000000000
2.16467463479416000 74647.15625000000000000 221845.75000000000000000
2.16910137228862000 74956.15625000000000000 222769.15625000000000000
2.17352810978309000 75266.56250000000000000 223688.53125000000000000
2.17795484727756000 75576.75000000000000000 224620.09375000000000000
2.18238158477202000 75886.75000000000000000 225534.09375000000000000
2.18680832226649000 76195.40625000000000000 226457.46875000000000000
2.19123505976096000 76505.31250000000000000 227376.96875000000000000
2.19566179725542000 76814.40625000000000000 228300.48437500000000000
2.20008853474989000 77124.40625000000000000 229212.40625000000000000
2.20451527224436000 77433.21875000000000000 230129.87500000000000000
2.20894200973882000 77741.78125000000000000 231043.95312500000000000
2.21336874723329000 78052.03125000000000000 231974.92187500000000000
2.21779548472776000 78363.96875000000000000 232894.84375000000000000
2.22222222222222000 78674.93750000000000000 233822.90625000000000000
2.22664895971669000 78985.49609375000000000 234736.75000000000000000
2.23107569721116000 79294.06250000000000000 235658.98437500000000000
2.23550243470562000 79604.25000000000000000 236583.71875000000000000
2.23992917220009000 79914.68750000000000000 237506.84375000000000000
2.24435590969456000 80225.50000000000000000 238426.31250000000000000
2.24878264718902000 80534.56250000000000000 239348.98437500000000000
2.25320938468349000 80843.46875000000000000 240272.18750000000000000
2.25763612217796000 81153.78125000000000000 241190.15625000000000000
2.26206285967242000 81463.21875000000000000 242111.87500000000000000
2.26648959716689000 81773.15625000000000000 243032.12500000000000000
2.27091633466136000 82082.40625000000000000 243952.31250000000000000
2.27534307215582000 82391.53125000000000000 244867.93750000000000000
2.27976980965029000 82701.68750000000000000 245785.21875000000000000
2.28419654714476000 83011.12500000000000000 246706.65625000000000000
2.28862328463922000 83321.46875000000000000 247626.78125000000000000
2.29305002213369000 83631.50000000000000000 248549.59375000000000000
2.29747675962816000 83942.00000000000000000 249471.34375000000000000
2.30190349712262000 84253.15625000000000000 250393.42187500000000000
2.30633023461709000 84563.31250000000000000 251321.31250000000000000
2.31075697211155000 84873.06250000000000000 252238.15625000000000000
2.31518370960602000 85181.87500000000000000 253159.50000000000000000
2.31961044710049000 85491.62500000000000000 254079.01562500000000000
2.32403718459495000 85802.09375000000000000 255008.18750000000000000
2.32846392208942000 86111.78125000000000000 255926.65625000000000000
2.33289065958389000 86421.25000000000000000 256845.78125000000000000
2.33731739707835000 86730.78125000000000000 257760.60937500000000000
2.34174413457282000 87040.25000000000000000 258685.59375000000000000
2.34617087206729000 87349.31250000000000000 259602.03125000000000000
2.35059760956175000 87658.21875000000000000 260518.15625000000000000
2.35502434705622000 87967.90625000000000000 261430.50000000000000000
2.35945108455069000 88277.93750000000000000 262355.90625000000000000
2.36387782204515000 88589.81250000000000000 263282.53125000000000000
2.36830455953962000 88900.34375000000000000 264211.12500000000000000
2.37273129703409000 89212.03125000000000000 265128.81250000000000000
2.37715803452855000 89520.93750000000000000 266048.37500000000000000
2.38158477202302000 89830.12500000000000000 266965.93750000000000000
2.38601150951749000 90139.75000000000000000 267896.35937500000000000
2.39043824701195000 90450.78125000000000000 268813.37500000000000000
2.39486498450642000 90760.68750000000000000 269738.26562500000000000
2.39929172200089000 91069.65625000000000000 270656.40625000000000000
2.40371845949535000 91379.34375000000000000 271582.65625000000000000
2.40814519698982000 91688.71875000000000000 272498.62500000000000000
2.41257193448429000 91998.40625000000000000 273419.84375000000000000
2.41699867197875000 92307.09375000000000000 274328.50000000000000000
2.42142540947322000 92615.15625000000000000 275249.15625000000000000
2.42585214696769000 92925.50000000000000000 276166.54687500000000000
2.43027888446215000 93236.90625000000000000 277096.43750000000000000
2.43470562195662000 93548.31250000000000000 278016.21875000000000000
2.43913235945109000 93859.15625000000000000 278940.71875000000000000
2.44355909694555000 94168.34375000000000000 279858.59375000000000000
2.44798583444002000 94478.03125000000000000 280781.28125000000000000
2.45241257193449000 94788.50000000000000000 281702.75000000000000000
2.45683930942895000 95099.15625000000000000 282625.75000000000000000
2.46126604692342000 95408.06250000000000000 283545.25000000000000000
2.46569278441789000 95717.59375000000000000 284468.00000000000000000
2.47011952191235000 96027.84375000000000000 285389.76562500000000000
2.47454625940682000 96337.50000000000000000 286310.75000000000000000
2.47897299690128000 96646.37500000000000000 287234.25000000000000000
2.48339973439575000 96956.93750000000000000 288150.03125000000000000
2.48782647189022000 97265.56250000000000000 289067.37500000000000000
2.49225320938468000 97575.25000000000000000 289985.32812500000000000
2.49667994687915000 97884.25000000000000000 290903.53125000000000000
2.50110668437362000 98194.00000000000000000 291826.73437500000000000
2.50553342186808000 98504.31250000000000000 292747.56250000000000000
2.50996015936255000 98815.56250000000000000 293670.82812500000000000
2.51438689685702000 99126.31250000000000000 294594.90625000000000000
2.51881363435148000 99436.71875000000000000 295516.76562500000000000
2.52324037184595000 99746.59375000000000000 296440.59375000000000000
2.52766710934042000 100055.81250000000000000 297355.57812500000000000
2.53209384683488000 100364.96875000000000000 298281.28125000000000000
2.53652058432935000 100676.40625000000000000 299205.01562500000000000
2.54094732182382000 100985.93750000000000000 300132.40625000000000000
2.54537405931828000 101295.12500000000000000 301045.65625000000000000
2.54980079681275000 101604.34375000000000000 301965.12500000000000000
2.55422753430722000 101913.87500000000000000 302881.96875000000000000
2.55865427180168000 102223.25000000000000000 303807.12500000000000000
2.56308100929615000 102532.21875000000000000 304719.68750000000000000
2.56750774679062000 102841.71875000000000000 305633.90625000000000000
2.57193448428508000 103151.68750000000000000 306553.01562500000000000
2.57636122177955000 103462.65625000000000000 307484.21875000000000000
2.58078795927402000 103773.43750000000000000 308406.81250000000000000
2.58521469676848000 104085.31250000000000000 309329.84375000000000000
2.58964143426295000 104394.25000000000000000 310241.87500000000000000
2.59406817175742000 104702.78125000000000000 311167.37500000000000000
2.59849490925188000 105012.78125000000000000 312091.68750000000000000
2.60292164674635000 105323.81250000000000000 313018.49609375000000000
2.60734838424082000 105634.50000000000000000 313933.50000000000000000
2.61177512173528000 105943.62500000000000000 314858.32812500000000000
2.61620185922975000 106251.96875000000000000 315776.81250000000000000
2.62062859672422000 106562.12500000000000000 316701.06250000000000000
2.62505533421868000 106871.62500000000000000 317614.15625000000000000
2.62948207171315000 107180.81250000000000000 318533.37500000000000000
2.63390880920762000 107488.68750000000000000 319445.56250000000000000
2.63833554670208000 107799.18750000000000000 320371.65625000000000000
2.64276228419655000 108110.75000000000000000 321289.34375000000000000
2.64718902169101000 108421.50000000000000000 322217.15625000000000000
2.65161575918548000 108732.43750000000000000 323137.53125000000000000
2.65604249667995000 109042.09375000000000000 324062.87500000000000000
2.66046923417441000 109351.71875000000000000 324979.90625000000000000
2.66489597166888000 109662.00000000000000000 325903.62500000000000000
2.66932270916335000 109972.50000000000000000 326824.90625000000000000
2.67374944665781000 110281.78125000000000000 327745.40625000000000000
2.67817618415228000 110590.84375000000000000 328666.78125000000000000
2.68260292164675000 110901.37500000000000000 329589.20312500000000000
2.68702965914121000 111211.06250000000000000 330512.78125000000000000
2.69145639663568000 111520.25000000000000000 331435.64062500000000000
2.69588313413015000 111830.87500000000000000 332356.28125000000000000
2.70030987162461000 112139.84375000000000000 333268.20312500000000000
2.70473660911908000 112449.18750000000000000 334183.34375000000000000
2.70916334661355000 112757.59375000000000000 335105.39062500000000000
2.71359008410801000 113067.90625000000000000 336023.75000000000000000
2.71801682160248000 113377.93750000000000000 336944.70312500000000000
2.72244355909695000 113688.56250000000000000 337870.17187500000000000
2.72687029659141000 114000.18750000000000000 338793.84375000000000000
2.73129703408588000 114310.93750000000000000 339715.75000000000000000
2.73572377158035000 114620.84375000000000000 340635.28125000000000000
2.74015050907481000 114930.03125000000000000 341553.34375000000000000
2.74457724656928000 115238.93750000000000000 342475.87500000000000000
2.74900398406375000 115549.56250000000000000 343406.78125000000000000
2.75343072155821000 115859.75000000000000000 344325.75000000000000000
2.75785745905268000 116169.43750000000000000 345246.68750000000000000
2.76228419654715000 116478.68750000000000000 346164.01562500000000000
2.76671093404161000 116788.37500000000000000 347089.03125000000000000
2.77113767153608000 117097.46875000000000000 348005.40625000000000000
2.77556440903055000 117407.15625000000000000 348925.87500000000000000
2.77999114652501000 117715.87500000000000000 349838.31250000000000000
2.78441788401948000 118025.25000000000000000 350757.71875000000000000
2.78884462151395000 118336.68750000000000000 351678.93750000000000000
2.79327135900841000 118647.43750000000000000 352612.25000000000000000
2.79769809650288000 118959.25000000000000000 353527.71875000000000000
2.80212483399735000 119268.12500000000000000 354448.71875000000000000
2.80655157149181000 119577.59375000000000000 355366.76562500000000000
2.81097830898628000 119887.09375000000000000 356295.82812500000000000
2.81540504648075000 120198.06250000000000000 357213.50000000000000000
2.81983178397521000 120508.71875000000000000 358138.75000000000000000
2.82425852146968000 120817.93750000000000000 359056.03125000000000000
2.82868525896414000 121126.93750000000000000 359982.48437500000000000
2.83311199645861000 121436.81250000000000000 360900.15625000000000000
2.83753873395308000 121746.06250000000000000 361824.50000000000000000
2.84196547144754000 122055.62500000000000000 362735.06250000000000000
2.84639220894201000 122363.96875000000000000 363654.50000000000000000
2.85081894643648000 122673.96875000000000000 364572.93750000000000000
2.85524568393094000 122984.93750000000000000 365496.07812500000000000
2.85967242142541000 123295.25000000000000000 366414.65625000000000000
2.86409915891988000 123606.43750000000000000 367343.12500000000000000
2.86852589641434000 123916.00000000000000000 368263.18750000000000000
2.87295263390881000 124225.78125000000000000 369183.59375000000000000
2.87737937140328000 124536.09375000000000000 370104.87500000000000000
2.88180610889774000 124846.59375000000000000 371028.15625000000000000
2.88623284639221000 125155.96875000000000000 371949.49609375000000000
2.89065958388668000 125464.78125000000000000 372867.92187500000000000
2.89508632138114000 125774.93750000000000000 373793.31250000000000000
2.89951305887561000 126085.71875000000000000 374714.98437500000000000
2.90393979637008000 126394.62500000000000000 375640.84375000000000000
2.90836653386454000 126705.21875000000000000 376558.82812500000000000
2.91279327135901000 127014.18750000000000000 377473.37500000000000000
2.91722000885348000 127323.18750000000000000 378389.48437500000000000
2.92164674634794000 127631.75000000000000000 379311.59375000000000000
2.92607348384241000 127940.78125000000000000 380228.17187500000000000
2.93050022133688000 128251.09375000000000000 381145.15625000000000000
2.93492695883134000 128562.34375000000000000 382069.60937500000000000
2.93935369632581000 128873.62500000000000000 382999.56250000000000000
2.94378043382028000 129184.34375000000000000 383921.75000000000000000
2.94820717131474000 129494.87500000000000000 384838.87500000000000000
2.95263390880921000 129803.87500000000000000 385753.71875000000000000
2.95706064630368000 130112.68750000000000000 386680.49609375000000000
2.96148738379814000 130422.90625000000000000 387604.45312500000000000
2.96591412129261000 130733.25000000000000000 388531.87500000000000000
2.97034085878708000 131043.25000000000000000 389446.90625000000000000
2.97476759628154000 131352.28125000000000000 390372.62500000000000000
2.97919433377601000 131662.50000000000000000 391291.06250000000000000
2.98362107127048000 131971.40625000000000000 392212.12500000000000000
2.98804780876494000 132280.96875000000000000 393126.90625000000000000
2.99247454625941000 132590.56250000000000000 394042.68750000000000000
2.99690128375387000 132899.21875000000000000 394957.15625000000000000
3.00132802124834000 133209.50000000000000000 395885.31250000000000000
3.00575475874281000 133520.53125000000000000 396803.82812500000000000
3.01018149623727000 133832.34375000000000000 397732.76562500000000000
3.01460823373174000 134142.28125000000000000 398647.87500000000000000
3.01903497122621000 134451.09375000000000000 399572.18750000000000000
3.02346170872067000 134761.06250000000000000 400491.40625000000000000
3.02788844621514000 135071.53125000000000000 401418.56250000000000000
3.03231518370961000 135382.40625000000000000 402338.43750000000000000
3.03674192120407000 135691.59375000000000000 403262.85937500000000000
3.04116865869854000 136000.34375000000000000 404180.43750000000000000
3.04559539619301000 136310.56250000000000000 405105.64062500000000000
3.05002213368747000 136619.90625000000000000 406022.90625000000000000
3.05444887118194000 136929.25000000000000000 406943.62500000000000000
3.05887560867641000 137238.21875000000000000 407858.65625000000000000
3.06330234617087000 137547.93750000000000000 408780.29687500000000000
3.06772908366534000 137858.62500000000000000 409698.03125000000000000
3.07215582115981000 138168.40625000000000000 410621.76562500000000000
3.07658255865427000 138478.68750000000000000 411542.49609375000000000
3.08100929614874000 138789.25000000000000000 412465.71875000000000000
3.08543603364321000 139099.25000000000000000 413385.43750000000000000
3.08986277113767000 139409.65625000000000000 414309.17187500000000000
3.09428950863214000 139720.09375000000000000 415232.84375000000000000
3.09871624612661000 140029.90625000000000000 416150.04687500000000000
3.10314298362107000 140338.56250000000000000 417071.84375000000000000
3.10756972111554000 140648.59375000000000000 417993.93750000000000000
3.11199645861001000 140959.28125000000000000 418920.21875000000000000
3.11642319610447000 141268.62500000000000000 419840.89062500000000000
3.12084993359894000 141578.34375000000000000 420764.65625000000000000
3.12527667109341000 141887.78125000000000000 421676.23437500000000000
3.12970340858787000 142197.03125000000000000 422595.09375000000000000
3.13413014608234000 142506.21875000000000000 423513.98437500000000000
3.13855688357681000 142815.40625000000000000 424434.09375000000000000
3.14298362107127000 143125.40625000000000000 425349.37500000000000000
3.14741035856574000 143435.25000000000000000 426272.00000000000000000
3.15183709606021000 143746.90625000000000000 427199.81250000000000000
3.15626383355467000 144057.93750000000000000 428129.81250000000000000
3.16069057104914000 144368.90625000000000000 429043.50000000000000000
3.16511730854360000 144677.59375000000000000 429960.15625000000000000
3.16954404603807000 144986.56250000000000000 430880.43750000000000000
3.17397078353254000 145296.50000000000000000 431813.39062500000000000
3.17839752102700000 145607.71875000000000000 432733.37500000000000000
3.18282425852147000 145917.53125000000000000 433654.78125000000000000
3.18725099601594000 146226.71875000000000000 434570.93750000000000000
3.19167773351040000 146536.56250000000000000 435498.49609375000000000
3.19610447100487000 146845.56250000000000000 436414.56250000000000000
3.20053120849934000 147155.09375000000000000 437333.68750000000000000
3.20495794599380000 147463.90625000000000000 438240.67187500000000000
3.20938468348827000 147771.56250000000000000 439161.71875000000000000
3.21381142098274000 148082.75000000000000000 440084.62500000000000000
3.21823815847720000 148394.12500000000000000 441011.78125000000000000
3.22266489597167000 148706.15625000000000000 441930.84375000000000000
3.22709163346614000 149016.15625000000000000 442856.65625000000000000
3.23151837096060000 149325.34375000000000000 443772.90625000000000000
3.23594510845507000 149634.90625000000000000 444699.68750000000000000
3.24037184594954000 149945.00000000000000000 445617.68750000000000000
3.24479858344400000 150255.90625000000000000 446543.75000000000000000
3.24922532093847000 150565.00000000000000000 447464.56250000000000000
3.25365205843294000 150874.28125000000000000 448387.56250000000000000
3.25807879592740000 151184.53125000000000000 449304.81250000000000000
3.26250553342187000 151493.75000000000000000 450226.12500000000000000
3.26693227091634000 151802.96875000000000000 451149.49609375000000000
3.27135900841080000 152113.46875000000000000 452068.00000000000000000
3.27578574590527000 152421.90625000000000000 452980.62500000000000000
3.28021248339974000 152732.37500000000000000 453902.17187500000000000
3.28463922089420000 153042.09375000000000000 454821.65625000000000000
3.28906595838867000 153353.06250000000000000 455743.65625000000000000
3.29349269588314000 153662.90625000000000000 456662.50000000000000000
3.29791943337760000 153973.18750000000000000 457583.87500000000000000
3.30234617087207000 154283.59375000000000000 458507.81250000000000000
3.30677290836653000 154593.84375000000000000 459431.49609375000000000
3.31119964586100000 154903.34375000000000000 460350.50000000000000000
3.31562638335547000 155212.71875000000000000 461268.00000000000000000
3.32005312084994000 155521.87500000000000000 462192.00000000000000000
3.32447985834440000 155833.09375000000000000 463117.17187500000000000
3.32890659583887000 156142.75000000000000000 464044.78125000000000000
3.33333333333333000 156452.25000000000000000 464960.60937500000000000
3.33776007082780000 156761.56250000000000000 465884.96875000000000000
3.34218680832227000 157070.87500000000000000 466797.31250000000000000
3.34661354581673000 157380.09375000000000000 467713.75000000000000000
3.35104028331120000 157689.09375000000000000 468632.31250000000000000
3.35546702080567000 157999.03125000000000000 469547.62500000000000000
3.35989375830013000 158309.25000000000000000 470470.00000000000000000
3.36432049579460000 158620.18750000000000000 471398.53125000000000000
3.36874723328907000 158930.87500000000000000 472322.15625000000000000
3.37317397078353000 159242.65625000000000000 473244.15625000000000000
3.37760070827800000 159551.68750000000000000 474158.09375000000000000
3.38202744577247000 159860.68750000000000000 475083.31250000000000000
3.38645418326693000 160170.12500000000000000 476006.75000000000000000
3.39088092076140000 160481.09375000000000000 476935.45312500000000000
3.39530765825587000 160791.50000000000000000 477854.96875000000000000
3.39973439575033000 161100.59375000000000000 478774.75000000000000000
3.40416113324480000 161409.71875000000000000 479689.71875000000000000
3.40858787073927000 161719.53125000000000000 480617.95312500000000000
3.41301460823373000 162028.81250000000000000 481531.12500000000000000
3.41744134572820000 162337.81250000000000000 482447.31250000000000000
3.42186808322267000 162645.93750000000000000 483360.25000000000000000
3.42629482071713000 162956.40625000000000000 484288.96875000000000000
3.43072155821160000 163267.56250000000000000 485206.06250000000000000
3.43514829570607000 163578.93750000000000000 486135.17187500000000000
3.43957503320053000 163890.06250000000000000 487053.71875000000000000
3.44400177069500000 164199.25000000000000000 487978.29687500000000000
3.44842850818947000 164508.34375000000000000 488895.12500000000000000
3.45285524568393000 164819.31250000000000000 489823.21875000000000000
3.45728198317840000 165129.56250000000000000 490739.15625000000000000
3.46170872067287000 165439.40625000000000000 491661.39062500000000000
3.46613545816733000 165748.03125000000000000 492584.18750000000000000
3.47056219566180000 166058.21875000000000000 493507.09375000000000000
3.47498893315627000 166368.15625000000000000 494426.49609375000000000
3.47941567065073000 166677.53125000000000000 495350.59375000000000000
3.48384240814520000 166987.56250000000000000 496270.68750000000000000
3.48826914563967000 167296.62500000000000000 497183.78125000000000000
3.49269588313413000 167606.03125000000000000 498098.87500000000000000
3.49712262062860000 167915.40625000000000000 499022.76562500000000000
3.50154935812306000 168225.37500000000000000 499942.56250000000000000
3.50597609561753000 168535.75000000000000000 500863.15625000000000000
3.51040283311200000 168846.59375000000000000 501784.28125000000000000
3.51482957060646000 169157.25000000000000000 502709.92187500000000000
3.51925630810093000 169467.68750000000000000 503635.56250000000000000
3.52368304559540000 169777.81250000000000000 504554.43750000000000000
3.52810978308986000 170087.21875000000000000 505471.90625000000000000
3.53253652058433000 170396.03125000000000000 506393.32812500000000000
3.53696325807880000 170706.84375000000000000 507325.59375000000000000
3.54138999557326000 171016.56250000000000000 508244.10937500000000000
3.54581673306773000 171326.25000000000000000 509166.00000000000000000
3.55024347056220000 171635.62500000000000000 510080.15625000000000000
3.55467020805666000 171945.37500000000000000 511004.34375000000000000
3.55909694555113000 172254.93750000000000000 511919.96875000000000000
3.56352368304560000 172564.31250000000000000 512836.34375000000000000
3.56795042054006000 172874.09375000000000000 513750.04687500000000000
3.57237715803453000 173183.06250000000000000 514672.96875000000000000
3.57680389552900000 173493.93750000000000000 515597.54687500000000000
3.58123063302346000 173804.71875000000000000 516525.06250000000000000
3.58565737051793000 174116.21875000000000000 517440.98437500000000000
3.59008410801240000 174425.53125000000000000 518362.15625000000000000
3.59451084550686000 174734.53125000000000000 519281.50000000000000000
3.59893758300133000 175044.71875000000000000 520209.53125000000000000
3.60336432049580000 175355.21875000000000000 521131.56250000000000000
3.60779105799026000 175665.75000000000000000 522055.60937500000000000
3.61221779548473000 175974.87500000000000000 522971.90625000000000000
3.61664453297920000 176283.78125000000000000 523898.15625000000000000
3.62107127047366000 176594.03125000000000000 524812.03125000000000000
3.62549800796813000 176903.09375000000000000 525736.23437500000000000
3.62992474546260000 177211.96875000000000000 526647.04687500000000000
3.63435148295706000 177519.84375000000000000 527565.90625000000000000
3.63877822045153000 177830.12500000000000000 528483.73437500000000000
3.64320495794600000 178142.06250000000000000 529411.40625000000000000
3.64763169544046000 178452.34375000000000000 530331.37500000000000000
3.65205843293493000 178763.65625000000000000 531259.65625000000000000
3.65648517042940000 179073.84375000000000000 532175.18750000000000000
3.66091190792386000 179383.31250000000000000 533099.93750000000000000
3.66533864541833000 179693.31250000000000000 534018.49609375000000000
3.66976538291280000 180004.21875000000000000 534943.45312500000000000
3.67419212040726000 180313.25000000000000000 535861.68750000000000000
3.67861885790173000 180622.34375000000000000 536782.65625000000000000
3.68304559539619000 180932.53125000000000000 537705.18750000000000000
3.68747233289066000 181242.37500000000000000 538628.50000000000000000
3.69189907038513000 181551.50000000000000000 539551.28125000000000000
3.69632580787959000 181862.31250000000000000 540469.65625000000000000
3.70075254537406000 182171.34375000000000000 541383.50000000000000000
3.70517928286853000 182480.12500000000000000 542302.95312500000000000
3.70960602036299000 182789.40625000000000000 543221.53125000000000000
3.71403275785746000 183099.15625000000000000 544141.92187500000000000
3.71845949535193000 183409.50000000000000000 545058.62500000000000000
3.72288623284639000 183719.81250000000000000 545983.82812500000000000
3.72731297034086000 184030.65625000000000000 546909.78125000000000000
3.73173970783533000 184341.93750000000000000 547835.68750000000000000
3.73616644532979000 184652.09375000000000000 548755.68750000000000000
3.74059318282426000 184961.06250000000000000 549670.50000000000000000
3.74501992031873000 185269.90625000000000000 550592.21875000000000000
3.74944665781319000 185580.09375000000000000 551519.06250000000000000
3.75387339530766000 185890.71875000000000000 552449.21875000000000000
3.75830013280213000 186200.40625000000000000 553362.89062500000000000
3.76272687029659000 186509.87500000000000000 554285.71875000000000000
3.76715360779106000 186819.37500000000000000 555203.49609375000000000
3.77158034528553000 187129.15625000000000000 556126.93750000000000000
3.77600708277999000 187437.96875000000000000 557037.73437500000000000
3.78043382027446000 187747.84375000000000000 557950.84375000000000000
3.78486055776893000 188056.75000000000000000 558870.14062500000000000
3.78928729526339000 188367.40625000000000000 559800.00000000000000000
3.79371403275786000 188678.34375000000000000 560722.25000000000000000
3.79814077025233000 188990.03125000000000000 561646.56250000000000000
3.80256750774679000 189299.90625000000000000 562560.43750000000000000
3.80699424524126000 189608.06250000000000000 563485.81250000000000000
3.81142098273573000 189918.18750000000000000 564407.21875000000000000
3.81584772023019000 190228.87500000000000000 565333.84375000000000000
3.82027445772466000 190539.15625000000000000 566251.37500000000000000
3.82470119521913000 190848.78125000000000000 567177.31250000000000000
3.82912793271359000 191157.56250000000000000 568097.12500000000000000
3.83355467020806000 191468.00000000000000000 569019.17187500000000000
3.83798140770252000 191777.09375000000000000 569932.09375000000000000
3.84240814519699000 192086.06250000000000000 570854.07812500000000000
3.84683488269146000 192394.06250000000000000 571763.46875000000000000
3.85126162018592000 192704.31250000000000000 572688.37500000000000000
3.85568835768039000 193015.37500000000000000 573603.73437500000000000
3.86011509517486000 193326.12500000000000000 574533.04687500000000000
3.86454183266932000 193637.15625000000000000 575454.09375000000000000
3.86896857016379000 193947.46875000000000000 576378.31250000000000000
3.87339530765826000 194257.03125000000000000 577292.71875000000000000
3.87782204515272000 194567.15625000000000000 578218.79687500000000000
3.88224878264719000 194877.40625000000000000 579140.46875000000000000
3.88667552014166000 195186.93750000000000000 580064.59375000000000000
3.89110225763612000 195496.31250000000000000 580981.09375000000000000
3.89552899513059000 195806.12500000000000000 581905.65625000000000000
3.89995573262506000 196117.03125000000000000 582830.62500000000000000
3.90438247011952000 196425.93750000000000000 583751.93750000000000000
3.90880920761399000 196736.18750000000000000 584672.37500000000000000
3.91323594510846000 197044.90625000000000000 585585.32812500000000000
3.91766268260292000 197353.65625000000000000 586502.81250000000000000
3.92208942009739000 197662.93750000000000000 587425.43750000000000000
3.92651615759186000 197972.56250000000000000 588341.12500000000000000
3.93094289508632000 198282.81250000000000000 589259.29687500000000000
3.93536963258079000 198593.25000000000000000 590180.18750000000000000
3.93979637007526000 198904.31250000000000000 591109.92187500000000000
3.94422310756972000 199215.50000000000000000 592038.62500000000000000
3.94864984506419000 199526.40625000000000000 592954.50000000000000000
3.95307658255866000 199835.06250000000000000 593874.75000000000000000
3.95750332005312000 200144.00000000000000000 594792.39062500000000000
3.96193005754759000 200453.62500000000000000 595715.87500000000000000
3.96635679504206000 200764.56250000000000000 596640.89062500000000000
3.97078353253652000 201074.40625000000000000 597563.50000000000000000
3.97521027003099000 201383.81250000000000000 598480.89062500000000000
3.97963700752546000 201693.03125000000000000 599406.50000000000000000
3.98406374501992000 202002.78125000000000000 600321.12500000000000000
3.98849048251439000 202312.00000000000000000 601237.40625000000000000
3.99291722000886000 202621.18750000000000000 602149.49609375000000000
3.99734395750332000 202929.46875000000000000 603066.90625000000000000
4.00177069499779000 203240.18750000000000000 603993.09375000000000000
4.00619743249226000 203552.00000000000000000 604921.93750000000000000
4.01062416998672000 203863.40625000000000000 605845.71875000000000000
4.01505090748119000 204173.62500000000000000 606765.40625000000000000
4.01947764497565000 204482.03125000000000000 607677.90625000000000000
4.02390438247012000 204791.71875000000000000 608610.56250000000000000
4.02833111996459000 205102.87500000000000000 609528.96875000000000000
4.03275785745905000 205413.03125000000000000 610453.56250000000000000
4.03718459495352000 205722.68750000000000000 611372.34375000000000000
4.04161133244799000 206031.43750000000000000 612298.10937500000000000
4.04603806994245000 206341.78125000000000000 613213.15625000000000000
4.05046480743692000 206651.25000000000000000 614137.06250000000000000
4.05489154493139000 206960.50000000000000000 615052.29687500000000000
4.05931828242585000 207269.40625000000000000 615973.37500000000000000
4.06374501992032000 207578.43750000000000000 616885.37500000000000000
4.06817175741479000 207888.84375000000000000 617809.76562500000000000
4.07259849490925000 208199.40625000000000000 618728.62500000000000000
4.07702523240372000 208510.56250000000000000 619656.26562500000000000
4.08145196989819000 208821.25000000000000000 620576.21875000000000000
4.08587870739265000 209131.09375000000000000 621497.65625000000000000
4.09030544488712000 209440.62500000000000000 622415.68750000000000000
4.09473218238159000 209751.28125000000000000 623344.25000000000000000
4.09915891987605000 210061.09375000000000000 624263.81250000000000000
4.10358565737052000 210369.96875000000000000 625183.06250000000000000
4.10801239486499000 210679.87500000000000000 626105.62500000000000000
4.11243913235945000 210990.59375000000000000 627030.09375000000000000
4.11686586985392000 211299.81250000000000000 627955.71875000000000000
4.12129260734839000 211610.09375000000000000 628871.76562500000000000
4.12571934484285000 211918.87500000000000000 629785.49609375000000000
4.13014608233732000 212227.90625000000000000 630706.25000000000000000
4.13457281983179000 212537.78125000000000000 631626.40625000000000000
4.13899955732625000 212847.34375000000000000 632545.96875000000000000
4.14342629482072000 213157.50000000000000000 633456.87500000000000000
4.14785303231519000 213467.00000000000000000 634381.54687500000000000
4.15227976980965000 213778.21875000000000000 635310.62500000000000000
4.15670650730412000 214088.84375000000000000 636234.51562500000000000
4.16113324479859000 214399.78125000000000000 637153.25000000000000000
4.16555998229305000 214708.71875000000000000 638068.70312500000000000
4.16998671978752000 215017.75000000000000000 638991.75000000000000000
4.17441345728199000 215327.62500000000000000 639917.21875000000000000
4.17884019477645000 215638.65625000000000000 640841.21875000000000000
4.18326693227092000 215948.56250000000000000 641759.07812500000000000
4.18769366976538000 216257.78125000000000000 642685.43750000000000000
4.19212040725985000 216566.68750000000000000 643603.00000000000000000
4.19654714475432000 216876.21875000000000000 644523.50000000000000000
4.20097388224878000 217185.40625000000000000 645436.43750000000000000
4.20540061974325000 217494.84375000000000000 646352.62500000000000000
4.20982735723772000 217803.15625000000000000 647269.81250000000000000
4.21425409473218000 218113.81250000000000000 648193.00000000000000000
4.21868083222665000 218425.25000000000000000 649117.31250000000000000
4.22310756972112000 218736.28125000000000000 650045.62500000000000000
4.22753430721558000 219047.56250000000000000 650962.18750000000000000
4.23196104471005000 219356.25000000000000000 651884.65625000000000000
4.23638778220452000 219665.78125000000000000 652799.78125000000000000
4.24081451969898000 219976.21875000000000000 653729.49609375000000000
4.24524125719345000 220287.09375000000000000 654648.56250000000000000
4.24966799468792000 220596.59375000000000000 655573.43750000000000000
4.25409473218238000 220905.50000000000000000 656489.73437500000000000
4.25852146967685000 221215.78125000000000000 657415.34375000000000000
4.26294820717132000 221525.21875000000000000 658332.18750000000000000
4.26737494466578000 221834.40625000000000000 659258.46875000000000000
4.27180168216025000 222144.46875000000000000 660169.49609375000000000
4.27622841965472000 222453.21875000000000000 661090.25000000000000000
4.28065515714918000 222763.59375000000000000 662004.40625000000000000
4.28508189464365000 223072.81250000000000000 662929.49609375000000000
4.28950863213812000 223384.00000000000000000 663849.79687500000000000
4.29393536963258000 223693.87500000000000000 664774.67187500000000000
4.29836210712705000 224004.59375000000000000 665692.40625000000000000
4.30278884462152000 224315.03125000000000000 666619.06250000000000000
4.30721558211598000 224625.40625000000000000 667540.34375000000000000
4.31164231961045000 224935.09375000000000000 668462.34375000000000000
4.31606905710492000 225244.21875000000000000 669378.15625000000000000
4.32049579459938000 225553.50000000000000000 670304.39062500000000000
4.32492253209385000 225864.75000000000000000 671229.49609375000000000
4.32934926958831000 226174.15625000000000000 672149.53125000000000000
4.33377600708278000 226483.84375000000000000 673071.49609375000000000
4.33820274457725000 226793.03125000000000000 673986.85937500000000000
4.34262948207172000 227101.78125000000000000 674903.68750000000000000
4.34705621956618000 227411.65625000000000000 675826.54687500000000000
4.35148295706065000 227721.53125000000000000 676743.87500000000000000
4.35590969455511000 228031.15625000000000000 677660.92187500000000000
4.36033643204958000 228340.78125000000000000 678577.37500000000000000
4.36476316954405000 228651.46875000000000000 679507.25000000000000000
4.36918990703852000 228962.50000000000000000 680434.21875000000000000
4.37361664453298000 229273.59375000000000000 681350.89062500000000000
4.37804338202745000 229582.59375000000000000 682266.53125000000000000
4.38247011952191000 229891.28125000000000000 683189.23437500000000000
4.38689685701638000 230201.34375000000000000 684117.90625000000000000
4.39132359451085000 230512.06250000000000000 685039.10937500000000000
4.39575033200531000 230822.65625000000000000 685962.18750000000000000
4.40017706949978000 231132.18750000000000000 686880.67187500000000000
4.40460380699425000 231441.06250000000000000 687807.87500000000000000
4.40903054448871000 231750.62500000000000000 688723.21875000000000000
4.41345728198318000 232060.25000000000000000 689640.81250000000000000
4.41788401947765000 232368.43750000000000000 690550.71875000000000000
4.42231075697211000 232676.31250000000000000 691466.78125000000000000
4.42673749446658000 232987.34375000000000000 692390.00000000000000000
4.43116423196105000 233298.65625000000000000 693314.09375000000000000
4.43559096945551000 233609.78125000000000000 694236.87500000000000000
4.44001770694998000 233921.25000000000000000 695164.15625000000000000
4.44444444444445000 234230.56250000000000000 696081.31250000000000000
4.44887118193891000 234539.84375000000000000 697002.84375000000000000
4.45329791943338000 234850.00000000000000000 697921.53125000000000000
4.45772465692785000 235160.71875000000000000 698851.21875000000000000
4.46215139442231000 235470.71875000000000000 699767.43750000000000000
4.46657813191678000 235779.50000000000000000 700692.84375000000000000
4.47100486941125000 236090.15625000000000000 701609.50000000000000000
4.47543160690571000 236399.15625000000000000 702536.71875000000000000
4.47985834440018000 236708.81250000000000000 703458.25000000000000000
4.48428508189465000 237018.62500000000000000 704378.81250000000000000
4.48871181938911000 237327.59375000000000000 705286.56250000000000000
4.49313855688358000 237637.75000000000000000 706208.78125000000000000
4.49756529437805000 237946.87500000000000000 707126.46875000000000000
4.50199203187251000 238256.81250000000000000 708054.65625000000000000
4.50641876936698000 238568.34375000000000000 708969.71875000000000000
4.51084550686145000 238878.00000000000000000 709895.93750000000000000
4.51527224435591000 239188.56250000000000000 710815.03125000000000000
4.51969898185038000 239499.03125000000000000 711740.31250000000000000
4.52412571934484000 239809.40625000000000000 712658.09375000000000000
4.52855245683931000 240118.09375000000000000 713577.82812500000000000
4.53297919433378000 240427.75000000000000000 714498.90625000000000000
4.53740593182824000 240737.90625000000000000 715427.71875000000000000
4.54183266932271000 241047.87500000000000000 716348.68750000000000000
4.54625940681718000 241357.37500000000000000 717267.62500000000000000
4.55068614431164000 241667.09375000000000000 718184.93750000000000000
4.55511288180611000 241976.25000000000000000 719106.68750000000000000
4.55953961930058000 242285.90625000000000000 720025.71875000000000000
4.56396635679504000 242594.59375000000000000 720943.93750000000000000
4.56839309428951000 242904.59375000000000000 721859.78125000000000000
4.57281983178398000 243213.81250000000000000 722778.56250000000000000
4.57724656927844000 243523.93750000000000000 723698.03125000000000000
4.58167330677291000 243835.56250000000000000 724629.31250000000000000
4.58610004426738000 244146.90625000000000000 725549.06250000000000000
4.59052678176184000 244456.43750000000000000 726467.79687500000000000
4.59495351925631000 244765.28125000000000000 727388.50000000000000000
4.59938025675078000 245075.09375000000000000 728312.70312500000000000
4.60380699424524000 245385.65625000000000000 729235.75000000000000000
4.60823373173971000 245696.50000000000000000 730156.70312500000000000
4.61266046923418000 246005.68750000000000000 731080.50000000000000000
4.61708720672864000 246314.43750000000000000 732000.25000000000000000
4.62151394422311000 246624.09375000000000000 732924.03125000000000000
4.62594068171758000 246933.81250000000000000 733841.40625000000000000
4.63036741921204000 247242.03125000000000000 734754.50000000000000000
4.63479415670651000 247550.09375000000000000 735664.82812500000000000
4.63922089420098000 247859.93750000000000000 736589.95312500000000000
4.64364763169544000 248171.87500000000000000 737511.92187500000000000
4.64807436918991000 248483.09375000000000000 738438.93750000000000000
4.65250110668438000 248794.31250000000000000 739362.54687500000000000
4.65692784417884000 249104.18750000000000000 740287.71875000000000000
4.66135458167331000 249413.28125000000000000 741201.00000000000000000
4.66578131916778000 249723.81250000000000000 742129.43750000000000000
4.67020805666224000 250034.21875000000000000 743049.03125000000000000
4.67463479415671000 250343.93750000000000000 743975.17187500000000000
4.67906153165118000 250653.06250000000000000 744889.82812500000000000
4.68348826914564000 250963.09375000000000000 745817.65625000000000000
4.68791500664011000 251273.68750000000000000 746734.53125000000000000
4.69234174413457000 251582.06250000000000000 747659.15625000000000000
4.69676848162904000 251893.15625000000000000 748577.81250000000000000
4.70119521912351000 252201.00000000000000000 749492.31250000000000000
4.70562195661797000 252510.56250000000000000 750405.35937500000000000
4.71004869411244000 252819.59375000000000000 751332.07812500000000000
4.71447543160691000 253130.59375000000000000 752249.18750000000000000
4.71890216910137000 253440.65625000000000000 753171.89062500000000000
4.72332890659584000 253751.34375000000000000 754089.49609375000000000
4.72775564409031000 254061.96875000000000000 755019.18750000000000000
4.73218238158477000 254372.50000000000000000 755942.46875000000000000
4.73660911907924000 254682.87500000000000000 756861.06250000000000000
4.74103585657371000 254992.28125000000000000 757775.21875000000000000
4.74546259406817000 255301.40625000000000000 758702.25000000000000000
4.74988933156264000 255610.18750000000000000 759624.68750000000000000
4.75431606905711000 255877.85937500000000000 760396.09375000000000000
4.75874280655157000 255987.69921875000000000 760724.70703125000000000
4.76316954404604000 255990.00000000000000000 760722.13281250000000000
4.76759628154051000 255981.00000000000000000 760709.86328125000000000
4.77202301903497000 255988.00000000000000000 760751.11718750000000000
4.77644975652944000 255997.00000000000000000 760777.59375000000000000
4.78087649402391000 255998.00000000000000000 760780.49609375000000000
4.78530323151837000 255998.00000000000000000 760777.95703125000000000
4.78972996901284000 255998.00000000000000000 760777.50000000000000000
4.79415670650731000 255998.00000000000000000 760777.50000000000000000
4.79858344400177000 255998.00000000000000000 760777.50000000000000000
4.80301018149624000 255998.00000000000000000 760777.50000000000000000
4.80743691899071000 255998.00000000000000000 760777.50000000000000000
4.81186365648517000 255998.00000000000000000 760777.50000000000000000
4.81629039397964000 255998.00000000000000000 760777.50000000000000000
4.82071713147411000 255998.00000000000000000 760777.50000000000000000
4.82514386896857000 255998.00000000000000000 760777.50000000000000000
4.82957060646304000 255998.00000000000000000 760777.50000000000000000
4.83399734395751000 255998.00000000000000000 760777.50000000000000000
4.83842408145197000 255998.00000000000000000 760777.50000000000000000
4.84285081894644000 255998.00000000000000000 760777.50000000000000000
4.84727755644091000 255998.00000000000000000 760777.50000000000000000
4.85170429393537000 255998.00000000000000000 760777.50000000000000000
4.85613103142984000 255998.00000000000000000 760777.50000000000000000
4.86055776892430000 255998.00000000000000000 760777.50000000000000000
4.86498450641877000 255998.00000000000000000 760777.50000000000000000
4.86941124391324000 255998.00000000000000000 760777.50000000000000000
4.87383798140770000 255998.00000000000000000 760777.50000000000000000
4.87826471890217000 255998.00000000000000000 760777.50000000000000000
4.88269145639664000 255998.00000000000000000 760777.50000000000000000
4.88711819389111000 255998.00000000000000000 760777.50000000000000000
4.89154493138557000 255998.00000000000000000 760777.50000000000000000
4.89597166888004000 255998.00000000000000000 760777.50000000000000000
4.90039840637450000 255998.00000000000000000 760777.50000000000000000
4.90482514386897000 255998.00000000000000000 760777.50000000000000000
4.90925188136344000 255998.00000000000000000 760777.50000000000000000
4.91367861885790000 255998.00000000000000000 760777.50000000000000000
4.91810535635237000 255998.00000000000000000 760777.50000000000000000
4.92253209384684000 255998.00000000000000000 760777.50000000000000000
4.92695883134130000 255998.00000000000000000 760777.50000000000000000
4.93138556883577000 255998.00000000000000000 760777.50000000000000000
4.93581230633024000 255998.00000000000000000 760777.50000000000000000
4.94023904382470000 255998.00000000000000000 760777.50000000000000000
4.94466578131917000 255998.00000000000000000 760777.50000000000000000
4.94909251881364000 255998.00000000000000000 760777.50000000000000000
4.95351925630810000 255998.00000000000000000 760777.50000000000000000
4.95794599380257000 255998.00000000000000000 760777.50000000000000000
4.96237273129704000 255998.00000000000000000 760777.50000000000000000
4.96679946879150000 255998.00000000000000000 760777.50000000000000000
4.97122620628597000 255998.00000000000000000 760777.50000000000000000
4.97565294378044000 255998.00000000000000000 760777.50000000000000000
4.98007968127490000 255998.00000000000000000 760777.50000000000000000
4.98450641876937000 255998.00000000000000000 760779.00000000000000000
4.98893315626384000 255998.00000000000000000 760779.00000000000000000
4.99335989375830000 255998.00000000000000000 760779.00000000000000000
4.99778663125277000 255998.00000000000000000 760779.00000000000000000
5.00221336874724000 255998.00000000000000000 760779.00000000000000000
5.00664010624170000 255998.00000000000000000 760779.00000000000000000
5.01106684373617000 255998.00000000000000000 760779.00000000000000000
5.01549358123064000 255998.00000000000000000 760779.00000000000000000
5.01992031872510000 255998.00000000000000000 760779.00000000000000000
5.02434705621957000 255998.00000000000000000 760779.00000000000000000
5.02877379371403000 255998.00000000000000000 760779.00000000000000000
5.03320053120850000 255998.00000000000000000 760779.00000000000000000
5.03762726870297000 255998.00000000000000000 760779.00000000000000000
5.04205400619743000 255998.00000000000000000 760779.00000000000000000
5.04648074369190000 255998.00000000000000000 760779.00000000000000000
5.05090748118637000 255998.00000000000000000 760779.00000000000000000
5.05533421868083000 255998.00000000000000000 760779.00000000000000000
5.05976095617530000 255998.00000000000000000 760779.00000000000000000
5.06418769366977000 255998.00000000000000000 760779.00000000000000000
5.06861443116423000 255998.00000000000000000 760779.00000000000000000
5.07304116865870000 255998.00000000000000000 760779.00000000000000000
5.07746790615317000 255998.00000000000000000 760779.00000000000000000
5.08189464364763000 255998.00000000000000000 760779.00000000000000000
5.08632138114210000 255998.00000000000000000 760779.00000000000000000
5.09074811863657000 255998.00000000000000000 760779.00000000000000000
5.09517485613103000 255998.00000000000000000 760779.00000000000000000
5.09960159362550000 255998.00000000000000000 760779.00000000000000000
5.10402833111997000 255998.00000000000000000 760779.00000000000000000
5.10845506861443000 255998.00000000000000000 760779.00000000000000000
5.11288180610890000 255998.00000000000000000 760779.00000000000000000
5.11730854360337000 255998.00000000000000000 760779.00000000000000000
5.12173528109783000 255998.00000000000000000 760779.00000000000000000
5.12616201859230000 255998.00000000000000000 760779.00000000000000000
5.13058875608677000 255998.00000000000000000 760779.00000000000000000
5.13501549358123000 255998.00000000000000000 760779.00000000000000000
5.13944223107570000 255998.00000000000000000 760779.00000000000000000
5.14386896857017000 255998.00000000000000000 760779.00000000000000000
5.14829570606463000 255998.00000000000000000 760779.00000000000000000
5.15272244355910000 255998.00000000000000000 760779.00000000000000000
5.15714918105357000 255998.00000000000000000 760779.00000000000000000
5.16157591854803000 255998.00000000000000000 760779.00000000000000000
5.16600265604250000 255998.00000000000000000 760779.00000000000000000
5.17042939353697000 255998.00000000000000000 760779.00000000000000000
5.17485613103143000 255998.00000000000000000 760779.00000000000000000
5.17928286852590000 255998.00000000000000000 760779.00000000000000000
5.18370960602037000 255998.00000000000000000 760779.00000000000000000
5.18813634351483000 255998.00000000000000000 760779.00000000000000000
5.19256308100930000 255998.00000000000000000 760779.00000000000000000
5.19698981850376000 255998.00000000000000000 760779.00000000000000000
5.20141655599823000 255998.00000000000000000 760779.00000000000000000
5.20584329349270000 255998.00000000000000000 760779.00000000000000000
5.21027003098716000 255998.00000000000000000 760779.00000000000000000
5.21469676848163000 255998.00000000000000000 760779.00000000000000000
5.21912350597610000 255998.00000000000000000 760779.00000000000000000
5.22355024347057000 255998.00000000000000000 760779.00000000000000000
5.22797698096503000 255998.00000000000000000 760779.00000000000000000
5.23240371845950000 255998.00000000000000000 760779.00000000000000000
5.23683045595396000 255998.00000000000000000 760779.00000000000000000
5.24125719344843000 255998.00000000000000000 760779.00000000000000000
5.24568393094290000 255998.00000000000000000 760779.00000000000000000
5.25011066843736000 255998.00000000000000000 760779.00000000000000000
5.25453740593183000 255998.00000000000000000 760779.00000000000000000
5.25896414342630000 255998.00000000000000000 760779.00000000000000000